Instance: 1
noise
[9.1e-6, 8.3e-6, 6.6e-6, 9.4e-6, 1.9e-6, 6.2e-6, 9.2e-6, 1.7e-6, 7.3e-6, 3.5e-6, 9.6e-6, 5.1e-6, 5.9e-6, 6.6e-6, 3.0e-6, 8.7e-6, 4.0e-7, 2.2e-6, 1.6e-6, 9.5e-6, 6.5e-6, 7.0e-7, 1.7e-6, 4.4e-6, 7.0e-6, 3.3e-6, 5.3e-6, 8.7e-6, 7.6e-6, 7.7e-6, 8.7e-6, 2.3e-6, 9.8e-6, 9.0e-7, 6.8e-6, 8.1e-6, 2.6e-6, 5.4e-6, 5.8e-6, 6.1e-6, 4.9e-6, 1.6e-6, 7.1e-6, 5.1e-6, 3.1e-6, 5.0e-7, 2.5e-6, 5.0e-6, 4.1e-6, 7.7e-6, 8.8e-6, 5.9e-6, 2.4e-6, 3.5e-6, 7.2e-6, 1.1e-6, 6.4e-6, 5.4e-6, 3.3e-6, 6.4e-6, 7.4e-6, 3.1e-6, 9.3e-6, 2.5e-6, 4.9e-6, 9.6e-6, 1.8e-6, 1.3e-6, 8.6e-6, 9.5e-6, 6.1e-6, 2.9e-6]
demand
[56.1102, 360.89, 500.571, 138.871]
Instance: 2
noise
[3.1e-6, 7.8e-6, 5.2e-6, 8.7e-6, 9.1e-6, 9.9e-6, 1.5e-6, 4.7e-6, 8.5e-6, 7.9e-6, 3.2e-6, 9.8e-6, 1.3e-6, 5.2e-6, 9.3e-6, 7.5e-6, 9.0e-7, 2.2e-6, 4.1e-6, 6.3e-6, 1.6e-6, 3.5e-6, 8.8e-6, 1.2e-6, 1.4e-6, 4.1e-6, 3.5e-6, 5.9e-6, 3.0e-6, 5.8e-6, 6.4e-6, 4.9e-6, 9.1e-6, 3.6e-6, 1.9e-6, 1.4e-6, 5.7e-6, 7.5e-6, 1.0e-7, 9.9e-6, 2.0e-6, 9.3e-6, 4.1e-6, 5.1e-6, 3.0e-7, 8.5e-6, 8.4e-6, 1.0e-5, 2.8e-6, 6.5e-6, 6.5e-6, 6.0e-6, 5.0e-7, 5.4e-6, 2.2e-6, 2.6e-6, 9.8e-6, 2.1e-6, 3.8e-6, 6.6e-6, 8.8e-6, 3.5e-6, 3.4e-6, 1.8e-6, 4.9e-6, 1.5e-6, 7.7e-6, 4.4e-6, 9.7e-6, 1.0e-7, 4.3e-6, 2.1e-6]
demand
[419.466, 101.135, 387.23, 163.445]
Instance: 3
noise
[2.5e-6, 9.9e-6, 5.7e-6, 3.9e-6, 6.8e-6, 5.0e-6, 5.5e-6, 3.4e-6, 6.1e-6, 1.8e-6, 5.3e-6, 4.1e-6, 9.4e-6, 7.5e-6, 5.5e-6, 3.1e-6, 9.4e-6, 4.1e-6, 9.5e-6, 6.0e-6, 1.0e-5, 5.7e-6, 8.4e-6, 6.9e-6, 5.0e-6, 1.1e-6, 7.0e-7, 3.1e-6, 7.8e-6, 1.8e-6, 3.2e-6, 1.1e-6, 5.8e-6, 6.4e-6, 9.3e-6, 2.2e-6, 3.3e-6, 1.4e-6, 3.7e-6, 9.6e-6, 7.0e-7, 3.9e-6, 6.3e-6, 9.1e-6, 4.7e-6, 1.8e-6, 1.7e-6, 8.2e-6, 3.8e-6, 5.7e-6, 1.4e-6, 8.5e-6, 3.8e-6, 5.4e-6, 6.5e-6, 2.9e-6, 8.1e-6, 3.2e-6, 2.3e-6, 2.9e-6, 8.4e-6, 2.7e-6, 8.0e-6, 2.6e-6, 8.3e-6, 8.6e-6, 7.3e-6, 5.2e-6, 8.4e-6, 5.0e-7, 3.0e-7, 9.4e-6]
demand
[407.257, 195.307, 143.236, 314.802]
Instance: 4
noise
[3.2e-6, 8.5e-6, 6.1e-6, 4.4e-6, 2.7e-6, 9.0e-6, 9.2e-6, 2.3e-6, 4.0e-6, 4.0e-7, 7.2e-6, 1.3e-6, 8.4e-6, 9.8e-6, 8.9e-6, 3.7e-6, 6.7e-6, 8.8e-6, 7.4e-6, 1.9e-6, 3.6e-6, 3.4e-6, 8.1e-6, 1.2e-6, 2.5e-6, 8.7e-6, 3.2e-6, 5.8e-6, 8.4e-6, 2.7e-6, 5.0e-7, 7.0e-7, 6.4e-6, 7.4e-6, 6.4e-6, 3.4e-6, 8.6e-6, 8.0e-6, 7.9e-6, 8.6e-6, 9.2e-6, 9.8e-6, 5.5e-6, 7.7e-6, 9.0e-7, 7.8e-6, 8.0e-7, 9.4e-6, 3.3e-6, 3.7e-6, 3.9e-6, 2.2e-6, 5.3e-6, 2.6e-6, 5.1e-6, 7.7e-6, 8.8e-6, 6.6e-6, 9.0e-6, 3.7e-6, 4.0e-7, 9.0e-7, 5.6e-6, 3.3e-6, 1.7e-6, 6.9e-6, 8.4e-6, 6.4e-6, 8.0e-6, 6.0e-7, 1.1e-6, 1.0e-7]
demand
[796.569, 73.7791, 161.816, 35.7755]
Instance: 5
noise
[8.6e-6, 5.3e-6, 9.8e-6, 1.6e-6, 7.8e-6, 7.6e-6, 8.2e-6, 5.1e-6, 8.1e-6, 1.4e-6, 6.8e-6, 7.4e-6, 6.4e-6, 2.0e-6, 3.7e-6, 2.0e-7, 4.9e-6, 2.7e-6, 6.5e-6, 5.2e-6, 9.7e-6, 8.3e-6, 7.5e-6, 6.9e-6, 5.0e-6, 3.6e-6, 6.9e-6, 6.3e-6, 2.0e-7, 6.4e-6, 5.0e-7, 9.7e-6, 8.4e-6, 3.0e-7, 7.0e-7, 9.0e-6, 9.5e-6, 1.5e-6, 5.3e-6, 9.8e-6, 2.7e-6, 2.8e-6, 9.4e-6, 8.1e-6, 7.5e-6, 9.6e-6, 3.0e-6, 4.5e-6, 3.6e-6, 5.7e-6, 5.6e-6, 4.2e-6, 2.9e-6, 4.6e-6, 4.3e-6, 1.5e-6, 8.1e-6, 5.0e-7, 9.2e-6, 4.1e-6, 3.9e-6, 1.6e-6, 7.0e-7, 9.0e-7, 6.8e-6, 9.5e-6, 9.2e-6, 3.6e-6, 2.6e-6, 5.7e-6, 3.7e-6, 2.2e-6]
demand
[662.402, 112.761, 202.283, 88.909]
Instance: 6
noise
[4.4e-6, 6.4e-6, 7.0e-6, 1.0e-6, 2.4e-6, 1.5e-6, 2.4e-6, 5.5e-6, 4.2e-6, 9.5e-6, 6.6e-6, 6.7e-6, 4.5e-6, 9.1e-6, 6.0e-7, 7.1e-6, 8.0e-7, 4.9e-6, 7.5e-6, 1.0e-6, 1.8e-6, 3.3e-6, 1.9e-6, 4.9e-6, 4.9e-6, 7.0e-7, 2.8e-6, 1.8e-6, 6.7e-6, 6.6e-6, 2.8e-6, 5.1e-6, 1.5e-6, 6.5e-6, 9.3e-6, 6.4e-6, 9.1e-6, 1.3e-6, 2.8e-6, 8.3e-6, 2.3e-6, 6.0e-7, 5.6e-6, 6.9e-6, 7.4e-6, 4.1e-6, 4.4e-6, 7.0e-6, 1.4e-6, 1.2e-6, 8.1e-6, 4.3e-6, 7.3e-6, 7.1e-6, 8.5e-6, 7.1e-6, 6.6e-6, 8.6e-6, 3.6e-6, 8.3e-6, 6.8e-6, 7.5e-6, 7.2e-6, 4.1e-6, 5.5e-6, 5.2e-6, 1.6e-6, 5.2e-6, 6.8e-6, 9.8e-6, 2.0e-6, 8.2e-6]
demand
[332.645, 262.486, 201.715, 265.991]
Instance: 7
noise
[2.5e-6, 8.2e-6, 5.2e-6, 2.0e-6, 2.0e-6, 5.8e-6, 5.3e-6, 2.6e-6, 5.1e-6, 7.0e-7, 6.9e-6, 1.1e-6, 7.3e-6, 6.9e-6, 8.5e-6, 3.1e-6, 4.3e-6, 4.0e-6, 9.9e-6, 7.2e-6, 1.5e-6, 8.5e-6, 4.2e-6, 7.9e-6, 6.5e-6, 5.4e-6, 9.3e-6, 7.2e-6, 3.0e-7, 5.4e-6, 5.8e-6, 9.7e-6, 8.7e-6, 2.2e-6, 3.0e-7, 4.1e-6, 4.7e-6, 2.0e-6, 9.5e-6, 6.5e-6, 6.6e-6, 9.2e-6, 4.0e-7, 3.6e-6, 8.9e-6, 9.5e-6, 1.7e-6, 3.5e-6, 2.5e-6, 1.1e-6, 9.1e-6, 8.0e-6, 2.5e-6, 7.7e-6, 7.1e-6, 7.9e-6, 2.0e-7, 2.0e-6, 8.3e-6, 3.3e-6, 3.2e-6, 5.8e-6, 6.3e-6, 1.5e-6, 9.9e-6, 5.9e-6, 4.1e-6, 4.3e-6, 7.0e-7, 4.0e-7, 5.7e-6, 1.4e-6]
demand
[469.844, 80.4236, 102.714, 418.576]
Instance: 8
noise
[7.8e-6, 6.8e-6, 4.5e-6, 5.0e-7, 6.3e-6, 9.0e-7, 9.1e-6, 3.0e-7, 1.0e-6, 6.0e-7, 4.0e-6, 6.8e-6, 5.2e-6, 8.8e-6, 8.4e-6, 1.0e-7, 7.9e-6, 5.5e-6, 9.2e-6, 7.6e-6, 2.2e-6, 2.0e-7, 6.5e-6, 2.8e-6, 4.2e-6, 6.6e-6, 4.0e-7, 5.9e-6, 2.2e-6, 5.8e-6, 3.2e-6, 2.4e-6, 3.4e-6, 3.3e-6, 5.3e-6, 3.8e-6, 4.1e-6, 6.2e-6, 5.2e-6, 1.3e-6, 9.4e-6, 9.7e-6, 6.3e-6, 1.9e-6, 7.4e-6, 6.8e-6, 6.0e-7, 3.8e-6, 1.3e-6, 3.3e-6, 1.0e-6, 1.3e-6, 1.0e-7, 2.7e-6, 3.1e-6, 2.0e-7, 9.7e-6, 4.2e-6, 1.0e-5, 7.0e-6, 7.1e-6, 1.1e-6, 3.8e-6, 2.4e-6, 2.5e-6, 6.4e-6, 2.5e-6, 5.5e-6, 1.6e-6, 7.8e-6, 6.0e-7, 8.0e-7]
demand
[169.624, 810.307, 69.0093, 49.251]
Instance: 9
noise
[2.5e-6, 1.0e-6, 7.0e-6, 6.9e-6, 5.5e-6, 8.0e-6, 3.1e-6, 1.0e-6, 1.5e-6, 1.2e-6, 4.6e-6, 9.5e-6, 4.4e-6, 4.2e-6, 7.2e-6, 2.1e-6, 9.0e-7, 8.3e-6, 3.0e-6, 5.2e-6, 2.9e-6, 2.0e-7, 3.1e-6, 7.0e-6, 9.2e-6, 9.4e-6, 2.8e-6, 8.7e-6, 3.4e-6, 2.0e-7, 6.2e-6, 5.8e-6, 4.0e-7, 4.0e-6, 3.2e-6, 9.9e-6, 3.8e-6, 9.9e-6, 5.5e-6, 5.7e-6, 1.7e-6, 6.2e-6, 2.7e-6, 2.0e-7, 6.4e-6, 1.3e-6, 5.6e-6, 9.6e-6, 7.7e-6, 4.2e-6, 5.4e-6, 3.5e-6, 9.7e-6, 9.7e-6, 6.0e-7, 4.6e-6, 5.4e-6, 2.1e-6, 3.6e-6, 9.6e-6, 8.6e-6, 2.7e-6, 1.0e-5, 1.7e-6, 8.9e-6, 3.5e-6, 5.8e-6, 9.1e-6, 2.8e-6, 9.6e-6, 2.6e-6, 7.3e-6]
demand
[125.779, 49.1165, 864.067, 32.4715]
Instance: 10
noise
[9.7e-6, 6.8e-6, 6.8e-6, 1.1e-6, 3.2e-6, 5.4e-6, 9.1e-6, 1.3e-6, 2.0e-7, 7.2e-6, 7.0e-7, 1.0e-7, 1.3e-6, 6.0e-6, 1.0e-7, 1.8e-6, 8.9e-6, 5.5e-6, 3.5e-6, 4.2e-6, 6.9e-6, 6.9e-6, 1.3e-6, 4.3e-6, 6.9e-6, 3.9e-6, 3.9e-6, 6.6e-6, 7.1e-6, 1.3e-6, 2.1e-6, 9.3e-6, 7.2e-6, 1.3e-6, 7.5e-6, 6.7e-6, 5.5e-6, 9.2e-6, 9.0e-6, 5.9e-6, 8.2e-6, 6.6e-6, 4.3e-6, 7.0e-6, 8.9e-6, 4.7e-6, 5.2e-6, 3.9e-6, 1.0e-7, 6.1e-6, 6.2e-6, 8.9e-6, 3.2e-6, 1.6e-6, 7.8e-6, 1.2e-6, 3.8e-6, 9.9e-6, 7.4e-6, 7.6e-6, 7.7e-6, 5.3e-6, 6.9e-6, 8.5e-6, 9.8e-6, 6.0e-6, 9.1e-6, 6.6e-6, 1.6e-6, 3.6e-6, 5.0e-6, 8.3e-6]
demand
[211.194, 188.439, 585.349, 81.219]
