Instance: 1
noise
[9.0e-6, 9.7e-6, 2.4e-6, 7.1e-6, 4.5e-6, 3.1e-6, 3.8e-6, 9.0e-7, 7.8e-6, 8.0e-7, 2.4e-6, 5.8e-6, 6.1e-6, 1.6e-6, 1.3e-6, 2.4e-6, 2.7e-6, 2.7e-6, 9.8e-6, 8.0e-7, 2.5e-6, 2.3e-6, 8.0e-7, 7.7e-6, 2.7e-6, 7.0e-6, 2.6e-6, 4.6e-6, 6.6e-6, 8.2e-6, 7.1e-6, 5.2e-6, 6.8e-6, 1.7e-6, 7.6e-6, 7.7e-6, 7.7e-6, 4.4e-6, 5.6e-6, 5.2e-6, 5.9e-6, 4.3e-6, 9.0e-7, 6.9e-6, 6.9e-6, 3.0e-6, 7.0e-6, 6.0e-6, 8.6e-6, 2.3e-6, 1.0e-7, 4.0e-6, 2.9e-6, 3.7e-6, 6.2e-6, 8.6e-6, 3.5e-6, 3.3e-6, 8.9e-6, 6.9e-6, 6.2e-6, 9.3e-6, 2.2e-6, 2.8e-6, 9.8e-6, 9.2e-6, 3.5e-6, 8.9e-6, 6.4e-6, 4.2e-6, 1.0e-5, 6.8e-6]
demand
[142.067, 688.466, 420.961, 93.7046]
Instance: 2
noise
[8.5e-6, 1.9e-6, 8.3e-6, 7.0e-6, 4.9e-6, 1.8e-6, 8.2e-6, 5.2e-6, 6.3e-6, 6.0e-6, 8.3e-6, 4.4e-6, 2.5e-6, 1.2e-6, 2.8e-6, 4.6e-6, 6.1e-6, 4.9e-6, 9.0e-7, 2.3e-6, 4.7e-6, 6.7e-6, 6.1e-6, 8.8e-6, 1.6e-6, 4.5e-6, 8.8e-6, 8.7e-6, 9.8e-6, 8.0e-6, 3.2e-6, 1.1e-6, 4.5e-6, 1.6e-6, 7.0e-7, 1.8e-6, 4.3e-6, 2.6e-6, 7.7e-6, 6.0e-6, 6.9e-6, 2.1e-6, 1.7e-6, 9.9e-6, 1.0e-7, 3.7e-6, 6.0e-7, 4.8e-6, 5.0e-6, 9.7e-6, 8.3e-6, 1.9e-6, 3.2e-6, 7.9e-6, 8.6e-6, 6.8e-6, 4.9e-6, 3.3e-6, 7.9e-6, 6.9e-6, 6.4e-6, 9.0e-6, 2.2e-6, 1.3e-6, 9.0e-7, 9.5e-6, 2.1e-6, 3.1e-6, 6.2e-6, 9.0e-6, 9.3e-6, 6.9e-6]
demand
[288.528, 309.558, 466.999, 283.609]
Instance: 3
noise
[5.6e-6, 4.1e-6, 1.0e-5, 7.0e-6, 3.1e-6, 2.0e-6, 2.2e-6, 7.9e-6, 5.6e-6, 8.0e-6, 9.1e-6, 6.0e-7, 8.6e-6, 1.9e-6, 9.0e-7, 2.6e-6, 6.6e-6, 6.8e-6, 5.1e-6, 2.0e-6, 3.1e-6, 9.0e-6, 2.0e-6, 3.5e-6, 4.5e-6, 4.0e-7, 4.2e-6, 4.7e-6, 1.6e-6, 1.3e-6, 3.5e-6, 3.6e-6, 2.3e-6, 2.7e-6, 2.5e-6, 1.1e-6, 5.9e-6, 3.8e-6, 1.4e-6, 3.2e-6, 6.0e-6, 4.2e-6, 3.0e-7, 1.4e-6, 2.1e-6, 6.5e-6, 8.5e-6, 6.1e-6, 4.1e-6, 4.0e-6, 1.3e-6, 4.0e-7, 2.2e-6, 6.3e-6, 2.8e-6, 3.0e-6, 5.1e-6, 6.9e-6, 1.3e-6, 9.9e-6, 4.4e-6, 7.8e-6, 6.8e-6, 1.6e-6, 5.3e-6, 4.3e-6, 2.4e-6, 3.0e-6, 8.3e-6, 8.8e-6, 4.1e-6, 1.4e-6]
demand
[787.75, 349.304, 139.743, 94.6805]
Instance: 4
noise
[1.6e-6, 2.8e-6, 2.4e-6, 6.8e-6, 6.5e-6, 6.8e-6, 2.4e-6, 3.5e-6, 6.0e-6, 4.2e-6, 4.9e-6, 4.2e-6, 1.2e-6, 9.5e-6, 6.0e-7, 9.1e-6, 9.4e-6, 4.0e-6, 3.0e-7, 2.3e-6, 7.2e-6, 1.2e-6, 8.0e-7, 4.5e-6, 8.6e-6, 3.4e-6, 9.4e-6, 2.5e-6, 5.5e-6, 9.9e-6, 7.1e-6, 1.2e-6, 8.0e-6, 1.0e-5, 1.8e-6, 5.6e-6, 5.6e-6, 3.5e-6, 8.0e-7, 8.7e-6, 3.4e-6, 8.1e-6, 9.6e-6, 7.1e-6, 9.7e-6, 4.2e-6, 2.3e-6, 1.0e-5, 8.0e-6, 2.0e-7, 8.4e-6, 6.0e-7, 4.7e-6, 7.1e-6, 2.4e-6, 7.6e-6, 8.9e-6, 4.0e-7, 9.4e-6, 7.0e-7, 3.6e-6, 8.7e-6, 4.8e-6, 2.2e-6, 8.1e-6, 6.2e-6, 6.0e-7, 4.9e-6, 1.6e-6, 2.8e-6, 1.3e-6, 2.6e-6]
demand
[233.66, 316.443, 279.516, 532.912]
Instance: 5
noise
[7.0e-6, 9.2e-6, 5.4e-6, 3.2e-6, 8.2e-6, 5.7e-6, 4.3e-6, 9.9e-6, 9.2e-6, 5.8e-6, 6.6e-6, 7.1e-6, 8.4e-6, 8.5e-6, 5.0e-7, 2.9e-6, 3.7e-6, 1.1e-6, 5.7e-6, 8.3e-6, 5.1e-6, 9.1e-6, 5.9e-6, 1.8e-6, 6.4e-6, 3.5e-6, 1.3e-6, 8.8e-6, 9.0e-6, 5.7e-6, 8.4e-6, 5.0e-6, 2.9e-6, 8.9e-6, 9.6e-6, 4.6e-6, 6.3e-6, 5.3e-6, 3.1e-6, 3.4e-6, 7.0e-7, 9.4e-6, 3.1e-6, 9.4e-6, 4.1e-6, 9.3e-6, 7.0e-7, 5.9e-6, 4.6e-6, 8.5e-6, 9.1e-6, 4.7e-6, 4.7e-6, 6.8e-6, 3.3e-6, 3.7e-6, 9.3e-6, 5.1e-6, 9.4e-6, 8.5e-6, 1.0e-7, 4.1e-6, 3.2e-6, 5.0e-7, 5.2e-6, 7.6e-6, 6.9e-6, 7.0e-6, 2.4e-6, 3.2e-6, 7.5e-6, 3.4e-6]
demand
[552.216, 574.822, 112.591, 92.2339]
Instance: 6
noise
[4.0e-7, 3.4e-6, 9.1e-6, 9.9e-6, 7.8e-6, 8.2e-6, 6.3e-6, 7.1e-6, 9.0e-6, 9.9e-6, 8.0e-6, 7.7e-6, 9.0e-7, 7.1e-6, 4.4e-6, 1.8e-6, 5.7e-6, 3.0e-7, 4.6e-6, 4.0e-7, 3.0e-6, 4.0e-6, 9.6e-6, 2.3e-6, 9.6e-6, 4.0e-6, 1.0e-5, 3.1e-6, 2.9e-6, 5.7e-6, 4.8e-6, 1.0e-7, 7.8e-6, 9.5e-6, 5.2e-6, 8.2e-6, 1.5e-6, 2.4e-6, 3.6e-6, 8.1e-6, 1.0e-7, 9.3e-6, 5.1e-6, 7.0e-7, 2.9e-6, 5.7e-6, 8.9e-6, 3.0e-6, 9.8e-6, 3.2e-6, 2.4e-6, 8.7e-6, 9.0e-6, 4.6e-6, 3.0e-6, 2.1e-6, 1.1e-6, 7.0e-6, 7.0e-6, 6.5e-6, 5.2e-6, 3.9e-6, 4.1e-6, 1.0e-6, 5.5e-6, 9.4e-6, 6.9e-6, 9.4e-6, 4.6e-6, 1.5e-6, 5.0e-6, 1.2e-6]
demand
[375.589, 556.9, 37.7516, 385.027]
Instance: 7
noise
[1.4e-6, 4.1e-6, 9.0e-6, 5.5e-6, 9.4e-6, 1.0e-5, 8.7e-6, 8.5e-6, 6.7e-6, 3.5e-6, 6.0e-6, 9.8e-6, 2.3e-6, 3.6e-6, 7.5e-6, 3.7e-6, 1.9e-6, 9.4e-6, 7.1e-6, 6.9e-6, 5.3e-6, 6.2e-6, 7.5e-6, 6.3e-6, 8.2e-6, 4.2e-6, 4.1e-6, 4.1e-6, 4.7e-6, 8.5e-6, 9.2e-6, 9.4e-6, 5.0e-7, 8.1e-6, 2.0e-6, 7.9e-6, 8.0e-7, 4.3e-6, 6.0e-7, 2.0e-7, 4.9e-6, 6.8e-6, 6.8e-6, 4.4e-6, 4.1e-6, 5.0e-7, 9.1e-6, 8.1e-6, 1.4e-6, 8.7e-6, 7.2e-6, 1.3e-6, 7.9e-6, 6.6e-6, 9.5e-6, 6.7e-6, 6.0e-6, 6.0e-7, 6.9e-6, 6.3e-6, 7.5e-6, 5.0e-6, 2.2e-6, 7.3e-6, 4.3e-6, 8.1e-6, 1.8e-6, 5.6e-6, 9.5e-6, 2.1e-6, 5.6e-6, 1.3e-6]
demand
[348.314, 152.917, 105.279, 730.299]
Instance: 8
noise
[5.4e-6, 8.7e-6, 8.4e-6, 6.2e-6, 6.9e-6, 8.9e-6, 3.4e-6, 5.9e-6, 3.3e-6, 5.1e-6, 9.9e-6, 1.6e-6, 8.0e-6, 3.6e-6, 4.0e-7, 9.5e-6, 3.6e-6, 3.4e-6, 9.0e-7, 3.9e-6, 8.8e-6, 3.2e-6, 2.3e-6, 3.4e-6, 3.4e-6, 7.5e-6, 9.0e-7, 7.4e-6, 7.1e-6, 3.3e-6, 1.0e-7, 2.2e-6, 1.5e-6, 8.9e-6, 6.0e-6, 4.9e-6, 9.2e-6, 3.0e-6, 6.3e-6, 3.3e-6, 9.5e-6, 5.3e-6, 2.5e-6, 1.0e-5, 7.6e-6, 3.1e-6, 4.5e-6, 5.5e-6, 3.5e-6, 2.6e-6, 4.5e-6, 2.6e-6, 4.1e-6, 3.0e-7, 8.0e-7, 2.3e-6, 6.1e-6, 9.1e-6, 6.3e-6, 1.0e-5, 1.4e-6, 7.4e-6, 9.4e-6, 4.0e-7, 4.0e-6, 7.4e-6, 5.8e-6, 1.2e-6, 7.4e-6, 6.2e-6, 2.7e-6, 4.6e-6]
demand
[167.848, 35.4028, 400.958, 750.049]
Instance: 9
noise
[5.2e-6, 5.6e-6, 1.1e-6, 9.0e-7, 7.6e-6, 9.0e-7, 9.4e-6, 6.2e-6, 3.1e-6, 6.0e-7, 7.9e-6, 3.8e-6, 2.5e-6, 7.0e-7, 7.3e-6, 4.0e-7, 8.9e-6, 9.6e-6, 1.0e-7, 6.0e-7, 7.1e-6, 8.9e-6, 4.5e-6, 5.7e-6, 9.7e-6, 7.9e-6, 5.4e-6, 5.2e-6, 7.9e-6, 3.9e-6, 6.1e-6, 9.0e-6, 7.5e-6, 6.7e-6, 7.0e-7, 6.0e-7, 4.4e-6, 6.6e-6, 2.2e-6, 5.5e-6, 3.2e-6, 5.7e-6, 6.5e-6, 2.1e-6, 3.7e-6, 1.1e-6, 7.6e-6, 7.7e-6, 9.2e-6, 8.3e-6, 1.0e-6, 1.3e-6, 7.5e-6, 7.3e-6, 6.7e-6, 7.4e-6, 3.6e-6, 1.0e-6, 7.0e-7, 8.0e-7, 1.2e-6, 7.4e-6, 5.9e-6, 8.2e-6, 2.3e-6, 3.7e-6, 6.1e-6, 8.3e-6, 1.3e-6, 1.5e-6, 2.4e-6, 2.6e-6]
demand
[552.289, 247.627, 107.317, 462.565]
Instance: 10
noise
[8.8e-6, 2.0e-6, 4.4e-6, 5.8e-6, 6.6e-6, 9.0e-7, 3.9e-6, 5.3e-6, 2.2e-6, 5.9e-6, 6.4e-6, 7.4e-6, 8.5e-6, 8.5e-6, 6.5e-6, 2.1e-6, 5.1e-6, 7.0e-6, 4.6e-6, 8.9e-6, 3.9e-6, 3.4e-6, 3.7e-6, 6.5e-6, 3.8e-6, 4.5e-6, 9.1e-6, 8.3e-6, 2.6e-6, 5.5e-6, 4.1e-6, 5.2e-6, 2.1e-6, 1.0e-5, 7.9e-6, 6.0e-7, 1.0e-6, 8.4e-6, 3.3e-6, 8.0e-7, 4.0e-6, 1.2e-6, 8.1e-6, 3.5e-6, 4.6e-6, 7.2e-6, 8.0e-7, 6.8e-6, 5.7e-6, 9.8e-6, 9.0e-7, 3.3e-6, 4.3e-6, 1.3e-6, 9.8e-6, 5.4e-6, 1.5e-6, 3.9e-6, 4.2e-6, 1.4e-6, 7.0e-6, 7.4e-6, 3.6e-6, 6.1e-6, 7.8e-6, 3.4e-6, 8.8e-6, 1.6e-6, 2.4e-6, 1.1e-6, 6.4e-6, 6.7e-6]
demand
[959.234, 166.407, 45.4238, 176.233]
