Instance: 1
noise
[2.1e-6, 4.7e-6, 8.3e-6, 1.0e-7, 3.0e-7, 2.4e-6, 5.2e-6, 8.0e-7, 8.4e-6, 8.2e-6, 5.6e-6, 4.0e-6, 1.6e-6, 8.1e-6, 8.0e-6, 2.4e-6, 3.6e-6, 5.8e-6, 8.4e-6, 5.6e-6, 3.4e-6, 9.6e-6, 9.2e-6, 2.6e-6, 6.9e-6, 9.6e-6, 2.9e-6, 6.3e-6, 2.4e-6, 1.4e-6, 3.1e-6, 5.0e-7, 3.8e-6, 4.3e-6, 4.4e-6, 8.1e-6, 1.0e-6, 5.0e-7, 8.3e-6, 8.9e-6, 1.4e-6, 3.7e-6, 3.1e-6, 2.9e-6, 8.0e-7, 1.5e-6, 9.0e-7, 1.1e-6, 2.5e-6, 6.2e-6, 5.3e-6, 1.0e-6, 1.6e-6, 3.3e-6, 6.6e-6, 4.3e-6, 8.3e-6, 4.2e-6, 4.6e-6, 3.0e-7, 3.9e-6, 2.7e-6, 8.4e-6, 9.2e-6, 4.3e-6, 4.6e-6, 3.7e-6, 3.8e-6, 6.9e-6, 9.5e-6, 4.5e-6, 3.9e-6]
demand
[448.034, 256.938, 304.569, 291.172]
Instance: 2
noise
[9.6e-6, 6.6e-6, 9.8e-6, 2.5e-6, 2.2e-6, 9.0e-6, 7.7e-6, 2.7e-6, 8.0e-7, 7.0e-6, 9.7e-6, 1.9e-6, 1.8e-6, 8.5e-6, 3.2e-6, 8.0e-6, 3.7e-6, 4.9e-6, 2.5e-6, 4.2e-6, 6.5e-6, 1.0e-7, 1.0e-6, 1.0e-5, 5.2e-6, 6.2e-6, 5.7e-6, 4.5e-6, 4.1e-6, 1.0e-6, 1.1e-6, 3.5e-6, 1.1e-6, 8.0e-7, 8.0e-7, 2.1e-6, 3.0e-6, 6.2e-6, 5.8e-6, 4.9e-6, 9.7e-6, 2.3e-6, 8.9e-6, 8.2e-6, 7.4e-6, 6.5e-6, 1.0e-5, 1.5e-6, 8.7e-6, 3.2e-6, 9.9e-6, 2.4e-6, 4.1e-6, 9.3e-6, 2.8e-6, 7.9e-6, 1.9e-6, 9.4e-6, 6.0e-6, 3.7e-6, 5.3e-6, 7.0e-6, 9.6e-6, 4.0e-6, 3.8e-6, 4.7e-6, 8.2e-6, 4.7e-6, 5.6e-6, 8.0e-7, 4.6e-6, 1.9e-6]
demand
[446.821, 69.6866, 656.004, 107.309]
Instance: 3
noise
[7.9e-6, 6.4e-6, 7.4e-6, 9.9e-6, 2.7e-6, 9.0e-6, 4.0e-6, 4.7e-6, 4.1e-6, 8.1e-6, 2.8e-6, 6.6e-6, 5.3e-6, 1.7e-6, 9.1e-6, 7.2e-6, 9.0e-6, 9.8e-6, 2.6e-6, 7.8e-6, 7.3e-6, 8.7e-6, 1.9e-6, 7.0e-7, 6.4e-6, 2.0e-6, 1.4e-6, 7.3e-6, 8.5e-6, 7.0e-7, 4.8e-6, 2.0e-6, 5.8e-6, 8.7e-6, 5.9e-6, 3.3e-6, 7.6e-6, 1.7e-6, 9.6e-6, 2.0e-7, 7.0e-7, 9.7e-6, 5.4e-6, 5.4e-6, 8.4e-6, 2.5e-6, 5.7e-6, 4.1e-6, 2.3e-6, 4.9e-6, 6.7e-6, 4.3e-6, 1.0e-7, 7.8e-6, 2.6e-6, 2.8e-6, 1.0e-6, 6.4e-6, 2.3e-6, 4.3e-6, 4.4e-6, 9.1e-6, 9.0e-7, 7.4e-6, 8.2e-6, 4.0e-7, 2.0e-7, 9.4e-6, 5.8e-6, 3.7e-6, 1.0e-5, 3.4e-6]
demand
[122.869, 215.232, 237.926, 708.097]
Instance: 4
noise
[1.0e-5, 3.1e-6, 8.0e-6, 2.3e-6, 7.7e-6, 7.4e-6, 5.8e-6, 5.2e-6, 4.3e-6, 9.5e-6, 8.2e-6, 3.3e-6, 3.9e-6, 6.4e-6, 3.9e-6, 2.5e-6, 2.7e-6, 8.1e-6, 8.8e-6, 2.0e-6, 5.5e-6, 7.3e-6, 2.9e-6, 7.1e-6, 2.7e-6, 6.0e-7, 8.6e-6, 5.3e-6, 3.3e-6, 2.9e-6, 1.8e-6, 8.8e-6, 6.0e-7, 1.3e-6, 8.3e-6, 3.9e-6, 6.6e-6, 3.3e-6, 7.8e-6, 7.4e-6, 7.5e-6, 7.9e-6, 9.0e-7, 9.2e-6, 1.0e-7, 3.0e-6, 4.8e-6, 6.5e-6, 2.3e-6, 6.9e-6, 3.3e-6, 3.4e-6, 5.1e-6, 3.0e-7, 4.1e-6, 5.1e-6, 7.4e-6, 8.4e-6, 6.6e-6, 7.2e-6, 1.6e-6, 8.5e-6, 2.0e-7, 1.0e-6, 5.1e-6, 7.3e-6, 4.4e-6, 2.6e-6, 2.0e-7, 8.0e-7, 2.5e-6, 8.6e-6]
demand
[237.394, 250.734, 581.799, 219.421]
Instance: 5
noise
[8.6e-6, 3.3e-6, 7.4e-6, 7.5e-6, 3.9e-6, 5.9e-6, 5.7e-6, 6.2e-6, 2.8e-6, 2.0e-6, 7.4e-6, 7.8e-6, 3.4e-6, 4.2e-6, 6.4e-6, 8.9e-6, 1.0e-6, 8.0e-6, 4.3e-6, 9.4e-6, 9.1e-6, 1.6e-6, 3.0e-6, 9.8e-6, 6.0e-6, 6.1e-6, 5.2e-6, 4.6e-6, 5.6e-6, 1.0e-5, 7.0e-7, 5.0e-7, 3.0e-6, 3.2e-6, 1.7e-6, 3.0e-7, 2.3e-6, 5.5e-6, 4.0e-7, 1.5e-6, 5.3e-6, 5.0e-7, 9.1e-6, 2.7e-6, 9.4e-6, 7.0e-6, 9.0e-7, 2.1e-6, 9.7e-6, 1.6e-6, 4.0e-7, 4.1e-6, 9.6e-6, 7.2e-6, 7.0e-6, 3.1e-6, 7.0e-6, 7.7e-6, 1.4e-6, 2.5e-6, 9.0e-6, 8.4e-6, 9.5e-6, 7.4e-6, 9.8e-6, 7.4e-6, 9.6e-6, 7.0e-7, 2.1e-6, 1.0e-7, 7.2e-6, 3.6e-6]
demand
[320.81, 744.813, 123.839, 98.2969]
Instance: 6
noise
[6.5e-6, 5.1e-6, 8.1e-6, 6.6e-6, 5.9e-6, 2.7e-6, 1.2e-6, 6.9e-6, 2.8e-6, 2.2e-6, 4.4e-6, 4.0e-7, 6.5e-6, 8.4e-6, 3.4e-6, 5.7e-6, 9.0e-6, 6.6e-6, 8.6e-6, 3.4e-6, 7.6e-6, 9.3e-6, 7.6e-6, 1.9e-6, 5.3e-6, 8.5e-6, 4.9e-6, 1.2e-6, 9.3e-6, 9.0e-6, 7.7e-6, 5.9e-6, 1.4e-6, 6.0e-7, 9.0e-6, 2.0e-6, 9.0e-6, 8.5e-6, 6.2e-6, 4.2e-6, 1.6e-6, 1.8e-6, 3.1e-6, 1.1e-6, 1.2e-6, 7.4e-6, 4.0e-7, 4.4e-6, 3.0e-6, 8.2e-6, 2.9e-6, 4.3e-6, 8.6e-6, 5.1e-6, 1.2e-6, 5.5e-6, 4.2e-6, 5.9e-6, 9.7e-6, 6.5e-6, 9.2e-6, 2.7e-6, 8.2e-6, 4.3e-6, 8.8e-6, 6.9e-6, 9.3e-6, 3.7e-6, 2.8e-6, 8.4e-6, 3.0e-6, 5.9e-6]
demand
[204.161, 279.678, 206.012, 579.293]
Instance: 7
noise
[1.5e-6, 1.6e-6, 5.9e-6, 1.8e-6, 5.5e-6, 4.9e-6, 4.0e-7, 1.4e-6, 2.0e-6, 6.1e-6, 2.8e-6, 1.3e-6, 3.1e-6, 8.3e-6, 7.0e-7, 5.3e-6, 4.9e-6, 4.7e-6, 8.4e-6, 9.0e-7, 9.4e-6, 2.6e-6, 7.2e-6, 2.4e-6, 7.4e-6, 5.9e-6, 5.1e-6, 7.3e-6, 7.5e-6, 4.1e-6, 4.3e-6, 1.8e-6, 7.6e-6, 2.8e-6, 7.9e-6, 6.6e-6, 1.2e-6, 5.0e-6, 6.7e-6, 1.5e-6, 2.0e-7, 2.8e-6, 7.3e-6, 1.7e-6, 2.4e-6, 1.0e-7, 8.8e-6, 6.7e-6, 7.9e-6, 4.0e-6, 6.5e-6, 5.8e-6, 1.2e-6, 2.1e-6, 5.9e-6, 6.4e-6, 6.7e-6, 3.2e-6, 7.0e-6, 5.9e-6, 7.9e-6, 1.5e-6, 6.1e-6, 1.3e-6, 3.9e-6, 2.9e-6, 9.6e-6, 6.7e-6, 2.7e-6, 1.7e-6, 2.2e-6, 2.3e-6]
demand
[144.865, 175.603, 919.34, 58.0452]
Instance: 8
noise
[1.9e-6, 5.4e-6, 8.3e-6, 8.2e-6, 1.4e-6, 3.0e-7, 9.6e-6, 7.0e-6, 6.5e-6, 5.9e-6, 8.0e-7, 2.0e-6, 7.4e-6, 4.9e-6, 5.1e-6, 6.7e-6, 1.2e-6, 4.5e-6, 1.0e-6, 4.7e-6, 3.6e-6, 5.6e-6, 7.1e-6, 3.7e-6, 6.3e-6, 2.8e-6, 4.6e-6, 7.1e-6, 7.4e-6, 1.7e-6, 8.3e-6, 6.5e-6, 2.0e-6, 5.5e-6, 9.9e-6, 1.8e-6, 3.0e-7, 4.6e-6, 9.3e-6, 5.8e-6, 4.0e-7, 8.2e-6, 8.5e-6, 6.4e-6, 5.3e-6, 4.5e-6, 5.5e-6, 5.8e-6, 8.0e-7, 8.4e-6, 2.6e-6, 6.9e-6, 9.1e-6, 9.7e-6, 6.8e-6, 3.7e-6, 3.2e-6, 5.1e-6, 7.5e-6, 2.6e-6, 5.9e-6, 9.8e-6, 6.1e-6, 2.1e-6, 5.4e-6, 6.8e-6, 3.0e-6, 8.0e-6, 5.3e-6, 3.5e-6, 6.9e-6, 6.1e-6]
demand
[85.4829, 79.7743, 55.5051, 1050.39]
Instance: 9
noise
[6.0e-6, 1.7e-6, 8.0e-6, 4.1e-6, 1.6e-6, 6.4e-6, 1.0e-7, 2.0e-6, 3.1e-6, 2.0e-6, 2.2e-6, 3.7e-6, 4.2e-6, 6.8e-6, 2.0e-6, 1.4e-6, 5.3e-6, 7.7e-6, 9.7e-6, 3.3e-6, 2.1e-6, 9.5e-6, 2.0e-7, 7.9e-6, 3.0e-6, 4.4e-6, 3.2e-6, 7.3e-6, 2.1e-6, 1.4e-6, 7.0e-7, 4.6e-6, 3.3e-6, 1.0e-7, 2.7e-6, 5.7e-6, 5.2e-6, 9.4e-6, 9.0e-6, 3.8e-6, 2.3e-6, 6.0e-6, 5.7e-6, 1.1e-6, 6.4e-6, 5.8e-6, 6.2e-6, 9.9e-6, 3.2e-6, 4.4e-6, 7.3e-6, 8.6e-6, 8.3e-6, 9.1e-6, 4.8e-6, 8.1e-6, 8.5e-6, 9.0e-7, 6.0e-7, 2.5e-6, 6.1e-6, 8.3e-6, 7.1e-6, 8.0e-7, 8.5e-6, 7.6e-6, 8.7e-6, 6.6e-6, 5.0e-7, 7.5e-6, 6.9e-6, 3.2e-6]
demand
[186.924, 147.161, 671.318, 286.925]
Instance: 10
noise
[2.6e-6, 1.8e-6, 5.2e-6, 1.0e-6, 4.1e-6, 2.5e-6, 3.6e-6, 8.9e-6, 7.0e-6, 1.8e-6, 4.9e-6, 7.1e-6, 8.6e-6, 3.0e-7, 7.2e-6, 2.9e-6, 1.1e-6, 1.2e-6, 1.7e-6, 8.7e-6, 2.2e-6, 2.5e-6, 4.7e-6, 6.0e-6, 3.8e-6, 6.7e-6, 2.1e-6, 9.7e-6, 7.1e-6, 9.9e-6, 9.0e-7, 7.2e-6, 9.4e-6, 7.7e-6, 7.9e-6, 4.1e-6, 5.5e-6, 6.2e-6, 2.9e-6, 5.3e-6, 7.8e-6, 8.3e-6, 9.1e-6, 4.2e-6, 2.3e-6, 8.0e-6, 4.1e-6, 4.0e-6, 9.5e-6, 2.8e-6, 4.8e-6, 8.3e-6, 8.4e-6, 9.6e-6, 8.8e-6, 5.4e-6, 5.1e-6, 7.5e-6, 4.4e-6, 1.1e-6, 9.0e-6, 7.0e-7, 4.2e-6, 3.0e-6, 2.9e-6, 1.2e-6, 9.5e-6, 7.9e-6, 3.8e-6, 6.1e-6, 1.5e-6, 3.6e-6]
demand
[585.107, 393.589, 175.857, 118.276]
