Instance: 1
noise
[1.0e-5, 9.8e-6, 5.9e-6, 9.5e-6, 9.0e-7, 1.5e-6, 9.5e-6, 7.4e-6, 4.9e-6, 1.1e-6, 2.1e-6, 2.3e-6, 8.3e-6, 8.1e-6, 6.2e-6, 4.7e-6, 7.5e-6, 2.9e-6, 7.2e-6, 4.8e-6, 1.1e-6, 7.0e-6, 2.5e-6, 9.3e-6, 8.6e-6, 2.0e-6, 7.1e-6, 7.2e-6, 2.6e-6, 2.9e-6, 2.7e-6, 1.0e-6, 7.3e-6, 6.9e-6, 2.0e-7, 7.1e-6, 4.6e-6, 5.5e-6, 8.2e-6, 5.9e-6, 3.3e-6, 2.8e-6, 6.1e-6, 5.0e-6, 8.8e-6, 2.1e-6, 9.3e-6, 7.8e-6, 9.4e-6, 8.4e-6, 9.0e-7, 9.0e-7, 7.8e-6, 2.1e-6, 5.6e-6, 1.0e-7, 2.5e-6, 1.5e-6, 3.1e-6, 2.7e-6, 6.7e-6, 8.8e-6, 2.8e-6, 9.0e-7, 4.6e-6, 3.7e-6, 8.3e-6, 9.4e-6, 5.1e-6, 4.0e-7, 2.9e-6, 1.5e-6]
demand
[229.885, 14.3826, 458.72, 511.654]
Instance: 2
noise
[3.5e-6, 9.0e-7, 1.0e-5, 5.1e-6, 9.1e-6, 7.5e-6, 9.8e-6, 9.8e-6, 9.3e-6, 4.5e-6, 4.2e-6, 1.9e-6, 9.2e-6, 1.0e-6, 8.4e-6, 3.7e-6, 5.1e-6, 9.5e-6, 6.8e-6, 8.2e-6, 2.8e-6, 5.7e-6, 4.8e-6, 3.0e-7, 7.2e-6, 4.7e-6, 5.3e-6, 2.9e-6, 9.9e-6, 3.6e-6, 6.8e-6, 8.0e-7, 7.8e-6, 2.9e-6, 6.0e-7, 3.8e-6, 8.2e-6, 2.4e-6, 4.4e-6, 6.0e-6, 5.5e-6, 4.0e-7, 6.0e-7, 8.1e-6, 6.0e-6, 1.9e-6, 5.5e-6, 3.9e-6, 9.0e-7, 3.0e-7, 3.6e-6, 5.0e-6, 9.5e-6, 8.9e-6, 1.5e-6, 9.0e-7, 5.1e-6, 9.3e-6, 2.5e-6, 1.0e-6, 4.6e-6, 8.2e-6, 3.6e-6, 1.1e-6, 2.7e-6, 4.9e-6, 4.7e-6, 1.0e-7, 9.2e-6, 7.6e-6, 9.2e-6, 1.6e-6]
demand
[521.704, 374.749, 123.702, 199.398]
Instance: 3
noise
[3.3e-6, 9.9e-6, 9.3e-6, 6.0e-6, 7.8e-6, 6.0e-7, 8.8e-6, 6.9e-6, 3.0e-7, 8.7e-6, 5.5e-6, 6.7e-6, 5.7e-6, 5.7e-6, 1.8e-6, 3.1e-6, 3.5e-6, 4.1e-6, 7.4e-6, 4.4e-6, 5.5e-6, 5.3e-6, 7.6e-6, 1.3e-6, 4.5e-6, 4.4e-6, 2.3e-6, 3.6e-6, 2.8e-6, 9.0e-6, 6.0e-6, 1.7e-6, 1.0e-7, 3.0e-7, 2.7e-6, 6.9e-6, 6.4e-6, 4.8e-6, 6.4e-6, 1.4e-6, 4.6e-6, 3.8e-6, 7.0e-6, 9.7e-6, 9.0e-7, 7.4e-6, 8.0e-7, 3.0e-6, 5.0e-6, 8.4e-6, 4.2e-6, 2.6e-6, 5.7e-6, 3.1e-6, 4.7e-6, 5.0e-6, 6.5e-6, 7.7e-6, 1.4e-6, 2.3e-6, 1.5e-6, 9.1e-6, 1.0e-6, 2.0e-6, 3.0e-6, 3.6e-6, 6.3e-6, 5.6e-6, 2.3e-6, 4.9e-6, 3.0e-7, 8.0e-7]
demand
[70.7694, 115.937, 808.33, 229.218]
Instance: 4
noise
[5.0e-6, 2.5e-6, 1.0e-7, 5.3e-6, 9.1e-6, 7.0e-7, 9.1e-6, 8.4e-6, 5.9e-6, 3.2e-6, 6.8e-6, 7.9e-6, 8.8e-6, 4.7e-6, 5.2e-6, 6.2e-6, 2.1e-6, 6.7e-6, 3.9e-6, 4.0e-7, 4.4e-6, 3.6e-6, 1.0e-7, 5.4e-6, 4.2e-6, 3.6e-6, 7.9e-6, 3.6e-6, 2.4e-6, 2.5e-6, 6.5e-6, 4.0e-6, 6.8e-6, 3.1e-6, 6.7e-6, 2.1e-6, 6.0e-7, 5.6e-6, 5.3e-6, 5.6e-6, 7.0e-6, 7.9e-6, 7.0e-6, 3.8e-6, 2.8e-6, 5.7e-6, 2.9e-6, 3.2e-6, 7.3e-6, 6.6e-6, 3.0e-6, 1.2e-6, 2.2e-6, 8.1e-6, 9.0e-7, 9.2e-6, 7.2e-6, 1.4e-6, 1.4e-6, 8.8e-6, 4.9e-6, 4.5e-6, 3.8e-6, 1.3e-6, 8.1e-6, 8.0e-7, 9.2e-6, 4.5e-6, 5.5e-6, 4.9e-6, 2.0e-7, 9.2e-6]
demand
[126.687, 54.0275, 210.558, 829.094]
Instance: 5
noise
[1.2e-6, 3.5e-6, 1.7e-6, 9.6e-6, 2.0e-6, 6.2e-6, 2.2e-6, 1.7e-6, 4.0e-6, 1.4e-6, 8.9e-6, 4.6e-6, 2.7e-6, 8.5e-6, 6.1e-6, 9.0e-7, 8.5e-6, 8.5e-6, 2.3e-6, 7.0e-7, 7.1e-6, 5.6e-6, 2.3e-6, 4.1e-6, 2.0e-7, 4.2e-6, 7.7e-6, 4.5e-6, 5.9e-6, 4.8e-6, 9.1e-6, 2.1e-6, 9.4e-6, 8.5e-6, 1.6e-6, 3.1e-6, 9.0e-7, 1.9e-6, 3.7e-6, 6.9e-6, 3.4e-6, 4.1e-6, 1.8e-6, 9.9e-6, 6.8e-6, 2.6e-6, 4.3e-6, 4.0e-7, 5.0e-7, 9.8e-6, 9.5e-6, 7.8e-6, 3.0e-6, 4.6e-6, 3.1e-6, 8.4e-6, 1.7e-6, 6.6e-6, 1.9e-6, 3.8e-6, 5.0e-7, 4.8e-6, 3.6e-6, 2.4e-6, 5.4e-6, 9.3e-6, 6.8e-6, 1.8e-6, 6.0e-7, 7.4e-6, 2.3e-6, 2.7e-6]
demand
[405.141, 411.023, 46.2627, 364.032]
Instance: 6
noise
[5.4e-6, 3.0e-7, 8.3e-6, 6.2e-6, 3.6e-6, 9.1e-6, 4.2e-6, 9.9e-6, 1.8e-6, 3.4e-6, 6.3e-6, 7.6e-6, 9.9e-6, 7.3e-6, 4.4e-6, 1.7e-6, 7.3e-6, 4.4e-6, 1.6e-6, 2.2e-6, 5.3e-6, 3.6e-6, 1.7e-6, 5.5e-6, 5.1e-6, 1.0e-6, 6.0e-6, 6.0e-7, 5.1e-6, 1.2e-6, 2.6e-6, 4.3e-6, 4.3e-6, 4.2e-6, 1.0e-5, 9.5e-6, 6.7e-6, 2.3e-6, 8.7e-6, 7.1e-6, 8.6e-6, 5.3e-6, 2.3e-6, 1.5e-6, 1.0e-7, 4.8e-6, 9.9e-6, 4.5e-6, 8.1e-6, 3.3e-6, 9.6e-6, 5.3e-6, 5.3e-6, 6.1e-6, 8.0e-7, 8.4e-6, 5.4e-6, 9.0e-6, 5.1e-6, 9.4e-6, 9.7e-6, 7.0e-6, 2.0e-7, 2.1e-6, 8.8e-6, 4.4e-6, 6.6e-6, 1.7e-6, 9.0e-7, 3.8e-6, 1.9e-6, 9.2e-6]
demand
[144.596, 670.766, 346.516, 48.2746]
Instance: 7
noise
[9.3e-6, 3.0e-7, 6.4e-6, 5.1e-6, 2.6e-6, 3.3e-6, 5.4e-6, 7.8e-6, 6.9e-6, 4.6e-6, 4.8e-6, 4.3e-6, 2.6e-6, 6.4e-6, 8.0e-6, 2.0e-7, 8.4e-6, 4.9e-6, 3.0e-7, 6.2e-6, 8.0e-6, 1.7e-6, 6.5e-6, 5.6e-6, 9.0e-6, 5.6e-6, 4.5e-6, 3.2e-6, 1.5e-6, 1.3e-6, 2.8e-6, 3.8e-6, 7.0e-7, 5.6e-6, 5.9e-6, 8.5e-6, 2.8e-6, 1.0e-7, 3.2e-6, 4.0e-6, 7.1e-6, 8.8e-6, 1.4e-6, 5.2e-6, 4.2e-6, 7.7e-6, 2.5e-6, 1.0e-5, 6.8e-6, 2.3e-6, 4.0e-6, 4.1e-6, 9.8e-6, 3.9e-6, 5.9e-6, 6.4e-6, 6.2e-6, 2.5e-6, 3.0e-7, 8.5e-6, 7.8e-6, 6.3e-6, 1.7e-6, 8.0e-6, 7.4e-6, 8.7e-6, 8.0e-6, 7.3e-6, 6.2e-6, 4.6e-6, 3.6e-6, 4.8e-6]
demand
[138.954, 78.3617, 869.503, 123.049]
Instance: 8
noise
[9.8e-6, 5.4e-6, 8.0e-7, 7.1e-6, 3.8e-6, 8.9e-6, 7.4e-6, 9.1e-6, 2.4e-6, 4.0e-7, 9.0e-6, 4.7e-6, 8.5e-6, 5.0e-6, 9.4e-6, 3.6e-6, 1.2e-6, 5.7e-6, 8.9e-6, 1.9e-6, 9.2e-6, 4.6e-6, 5.3e-6, 8.9e-6, 4.4e-6, 1.8e-6, 4.0e-6, 7.1e-6, 8.6e-6, 1.1e-6, 3.5e-6, 8.2e-6, 9.1e-6, 6.1e-6, 9.5e-6, 3.0e-7, 9.1e-6, 6.3e-6, 9.3e-6, 1.3e-6, 1.0e-5, 7.2e-6, 7.0e-7, 6.6e-6, 8.9e-6, 9.1e-6, 6.0e-7, 6.0e-6, 7.7e-6, 5.7e-6, 8.8e-6, 4.0e-6, 1.3e-6, 8.6e-6, 1.6e-6, 6.9e-6, 1.8e-6, 2.4e-6, 6.7e-6, 9.6e-6, 4.9e-6, 5.9e-6, 1.0e-6, 2.9e-6, 7.5e-6, 3.3e-6, 6.0e-6, 7.8e-6, 5.6e-6, 6.9e-6, 3.6e-6, 9.0e-7]
demand
[666.006, 64.4538, 100.276, 367.132]
Instance: 9
noise
[7.0e-7, 9.3e-6, 3.2e-6, 9.0e-7, 9.8e-6, 7.4e-6, 3.0e-6, 8.1e-6, 7.7e-6, 1.4e-6, 7.2e-6, 6.2e-6, 9.7e-6, 3.7e-6, 9.0e-7, 7.3e-6, 8.6e-6, 5.0e-7, 7.9e-6, 4.7e-6, 2.0e-7, 1.3e-6, 9.5e-6, 2.9e-6, 7.3e-6, 3.0e-6, 9.0e-7, 6.1e-6, 9.5e-6, 9.0e-6, 8.7e-6, 3.5e-6, 3.0e-7, 3.2e-6, 4.8e-6, 5.9e-6, 6.5e-6, 5.1e-6, 4.0e-6, 6.0e-6, 5.0e-7, 1.0e-7, 1.2e-6, 7.7e-6, 2.4e-6, 7.7e-6, 1.1e-6, 1.1e-6, 4.4e-6, 8.1e-6, 4.1e-6, 9.6e-6, 2.8e-6, 9.4e-6, 3.8e-6, 1.0e-7, 7.1e-6, 9.1e-6, 1.3e-6, 9.1e-6, 9.2e-6, 7.5e-6, 8.7e-6, 5.0e-6, 5.6e-6, 5.1e-6, 2.0e-6, 3.7e-6, 4.2e-6, 7.6e-6, 2.6e-6, 2.9e-6]
demand
[102.699, 371.388, 595.523, 152.597]
Instance: 10
noise
[7.3e-6, 7.5e-6, 5.0e-7, 5.6e-6, 2.4e-6, 5.8e-6, 6.2e-6, 3.1e-6, 8.1e-6, 6.4e-6, 2.6e-6, 7.9e-6, 8.4e-6, 2.8e-6, 6.0e-6, 6.8e-6, 7.0e-6, 4.0e-7, 9.8e-6, 5.2e-6, 2.2e-6, 3.9e-6, 6.4e-6, 6.2e-6, 4.2e-6, 8.1e-6, 3.7e-6, 4.5e-6, 1.8e-6, 5.2e-6, 8.3e-6, 2.2e-6, 5.9e-6, 8.4e-6, 4.3e-6, 2.9e-6, 7.5e-6, 5.2e-6, 9.0e-7, 5.6e-6, 5.0e-7, 3.7e-6, 9.2e-6, 1.0e-7, 5.3e-6, 2.9e-6, 7.5e-6, 2.4e-6, 1.9e-6, 8.2e-6, 3.0e-6, 3.5e-6, 8.4e-6, 1.4e-6, 8.5e-6, 1.0e-5, 2.3e-6, 2.0e-6, 9.4e-6, 3.8e-6, 4.8e-6, 7.8e-6, 6.9e-6, 7.2e-6, 1.0e-7, 3.1e-6, 6.5e-6, 6.7e-6, 3.6e-6, 9.9e-6, 5.8e-6, 3.8e-6]
demand
[80.4927, 390.36, 322.788, 414.146]
