Instance: 1
noise
[8.8e-6, 6.2e-6, 9.6e-6, 4.8e-6, 4.5e-6, 2.1e-6, 7.6e-6, 7.5e-6, 9.3e-6, 1.7e-6, 5.4e-6, 9.0e-7, 7.0e-7, 2.0e-7, 2.9e-6, 7.8e-6, 2.3e-6, 4.7e-6, 5.0e-7, 1.3e-6, 4.0e-7, 6.3e-6, 6.9e-6, 1.0e-6, 2.6e-6, 4.8e-6, 4.7e-6, 4.9e-6, 8.0e-7, 6.7e-6, 1.4e-6, 3.1e-6, 4.2e-6, 2.2e-6, 4.9e-6, 5.1e-6, 7.9e-6, 8.4e-6, 6.7e-6, 5.2e-6, 3.6e-6, 8.0e-7, 4.8e-6, 6.8e-6, 8.9e-6, 6.9e-6, 5.3e-6, 5.6e-6, 9.5e-6, 3.2e-6, 9.7e-6, 2.4e-6, 2.4e-6, 8.4e-6, 5.6e-6, 6.7e-6, 5.4e-6, 3.8e-6, 8.0e-7, 1.6e-6, 1.2e-6, 4.1e-6, 2.6e-6, 4.3e-6, 9.8e-6, 6.6e-6, 1.8e-6, 9.5e-6, 4.6e-6, 7.2e-6, 3.9e-6, 9.9e-6]
demand
[286.416, 175.884, 107.163, 575.072]
Instance: 2
noise
[1.7e-6, 7.4e-6, 6.6e-6, 1.4e-6, 8.6e-6, 3.9e-6, 1.5e-6, 9.0e-7, 1.5e-6, 2.4e-6, 1.2e-6, 4.4e-6, 6.9e-6, 4.3e-6, 1.4e-6, 4.6e-6, 7.3e-6, 2.5e-6, 5.0e-6, 9.9e-6, 1.7e-6, 5.5e-6, 7.8e-6, 4.7e-6, 5.5e-6, 9.3e-6, 8.8e-6, 1.0e-5, 3.2e-6, 2.3e-6, 6.2e-6, 8.3e-6, 1.9e-6, 1.1e-6, 4.6e-6, 5.2e-6, 3.9e-6, 2.3e-6, 7.9e-6, 7.9e-6, 7.4e-6, 5.5e-6, 2.3e-6, 3.1e-6, 4.5e-6, 8.3e-6, 9.6e-6, 2.8e-6, 3.0e-7, 5.5e-6, 1.9e-6, 9.8e-6, 4.2e-6, 5.5e-6, 2.4e-6, 4.3e-6, 5.5e-6, 6.9e-6, 1.3e-6, 7.6e-6, 4.9e-6, 3.3e-6, 4.5e-6, 9.1e-6, 3.4e-6, 2.4e-6, 7.3e-6, 6.0e-6, 9.1e-6, 7.8e-6, 9.0e-7, 6.1e-6]
demand
[103.67, 164.832, 118.588, 747.848]
Instance: 3
noise
[1.8e-6, 8.7e-6, 3.5e-6, 3.6e-6, 1.0e-5, 3.4e-6, 7.3e-6, 9.3e-6, 2.1e-6, 6.4e-6, 7.5e-6, 8.8e-6, 6.4e-6, 9.4e-6, 4.1e-6, 5.6e-6, 5.3e-6, 5.3e-6, 7.5e-6, 7.7e-6, 8.8e-6, 9.5e-6, 8.0e-7, 9.4e-6, 8.7e-6, 8.7e-6, 5.4e-6, 1.9e-6, 3.8e-6, 3.0e-7, 5.1e-6, 7.3e-6, 1.6e-6, 4.2e-6, 1.5e-6, 1.0e-7, 2.3e-6, 8.0e-7, 2.0e-6, 5.1e-6, 3.6e-6, 5.6e-6, 2.1e-6, 7.8e-6, 5.9e-6, 2.3e-6, 6.4e-6, 8.7e-6, 9.4e-6, 9.0e-6, 7.1e-6, 2.8e-6, 3.7e-6, 6.9e-6, 3.1e-6, 8.9e-6, 7.2e-6, 7.8e-6, 1.0e-7, 4.0e-7, 1.4e-6, 4.7e-6, 7.7e-6, 8.0e-7, 7.3e-6, 8.7e-6, 5.6e-6, 7.0e-7, 6.0e-7, 7.5e-6, 8.3e-6, 8.6e-6]
demand
[230.515, 549.082, 113.81, 246.302]
Instance: 4
noise
[6.2e-6, 2.4e-6, 6.1e-6, 4.7e-6, 2.0e-6, 1.3e-6, 5.1e-6, 7.0e-6, 4.8e-6, 1.4e-6, 5.2e-6, 2.9e-6, 5.7e-6, 8.3e-6, 6.5e-6, 9.8e-6, 3.1e-6, 7.5e-6, 3.0e-7, 5.7e-6, 1.5e-6, 3.2e-6, 3.1e-6, 3.7e-6, 7.0e-6, 4.2e-6, 3.3e-6, 9.9e-6, 6.5e-6, 5.0e-6, 3.4e-6, 8.3e-6, 5.1e-6, 7.9e-6, 6.7e-6, 7.6e-6, 1.8e-6, 7.0e-6, 8.0e-7, 7.5e-6, 6.4e-6, 6.7e-6, 7.0e-7, 6.3e-6, 7.2e-6, 3.3e-6, 9.9e-6, 6.0e-7, 4.9e-6, 5.2e-6, 9.6e-6, 8.8e-6, 2.2e-6, 9.0e-7, 2.9e-6, 4.4e-6, 4.1e-6, 2.0e-7, 5.3e-6, 9.0e-7, 8.0e-6, 1.1e-6, 6.6e-6, 5.6e-6, 7.3e-6, 3.3e-6, 6.4e-6, 6.0e-7, 3.3e-6, 5.0e-6, 4.5e-6, 7.7e-6]
demand
[643.146, 161.605, 205.983, 130.088]
Instance: 5
noise
[7.8e-6, 9.8e-6, 7.5e-6, 5.4e-6, 1.7e-6, 2.3e-6, 3.8e-6, 9.7e-6, 4.0e-6, 2.0e-6, 2.6e-6, 9.9e-6, 3.3e-6, 6.3e-6, 5.0e-6, 2.2e-6, 1.0e-5, 2.3e-6, 9.3e-6, 7.8e-6, 1.0e-6, 2.3e-6, 9.2e-6, 5.2e-6, 2.2e-6, 9.5e-6, 4.1e-6, 3.4e-6, 2.3e-6, 8.4e-6, 6.0e-7, 3.6e-6, 7.9e-6, 1.7e-6, 7.7e-6, 8.9e-6, 1.2e-6, 2.6e-6, 4.1e-6, 7.0e-7, 8.0e-7, 3.1e-6, 3.9e-6, 9.1e-6, 9.4e-6, 5.1e-6, 2.4e-6, 1.3e-6, 7.0e-7, 4.2e-6, 3.3e-6, 2.9e-6, 7.8e-6, 5.2e-6, 1.9e-6, 6.4e-6, 5.0e-7, 6.0e-7, 5.3e-6, 7.3e-6, 8.8e-6, 5.3e-6, 3.4e-6, 6.7e-6, 2.3e-6, 1.2e-6, 5.1e-6, 4.9e-6, 3.3e-6, 2.2e-6, 3.1e-6, 6.3e-6]
demand
[112.53, 305.354, 538.743, 189.569]
Instance: 6
noise
[5.2e-6, 3.2e-6, 5.1e-6, 8.7e-6, 3.5e-6, 1.0e-6, 6.2e-6, 1.3e-6, 1.0e-7, 9.0e-6, 3.6e-6, 4.7e-6, 1.6e-6, 9.7e-6, 1.6e-6, 4.8e-6, 7.1e-6, 4.0e-6, 7.2e-6, 6.1e-6, 5.5e-6, 4.2e-6, 4.7e-6, 3.5e-6, 4.6e-6, 5.8e-6, 5.2e-6, 9.6e-6, 6.9e-6, 4.3e-6, 5.0e-6, 9.0e-7, 7.3e-6, 7.7e-6, 8.9e-6, 2.2e-6, 1.8e-6, 9.1e-6, 9.0e-7, 3.2e-6, 8.6e-6, 1.8e-6, 3.2e-6, 4.6e-6, 2.9e-6, 6.5e-6, 6.7e-6, 1.7e-6, 1.7e-6, 5.3e-6, 8.5e-6, 8.9e-6, 8.6e-6, 8.0e-7, 5.3e-6, 3.2e-6, 9.0e-6, 5.0e-7, 8.5e-6, 3.0e-7, 4.0e-7, 3.5e-6, 5.5e-6, 1.0e-6, 7.3e-6, 5.0e-7, 1.0e-6, 8.9e-6, 4.1e-6, 6.5e-6, 9.0e-6, 4.1e-6]
demand
[260.965, 11.8956, 405.201, 470.361]
Instance: 7
noise
[1.5e-6, 2.0e-7, 2.9e-6, 2.0e-6, 9.9e-6, 2.4e-6, 5.3e-6, 2.9e-6, 2.5e-6, 3.1e-6, 3.0e-7, 1.3e-6, 4.0e-7, 6.5e-6, 1.9e-6, 7.7e-6, 8.7e-6, 9.2e-6, 6.2e-6, 1.8e-6, 9.5e-6, 9.3e-6, 6.5e-6, 9.5e-6, 8.2e-6, 3.4e-6, 1.0e-6, 1.1e-6, 1.0e-7, 9.0e-6, 7.6e-6, 9.9e-6, 9.6e-6, 8.0e-7, 2.6e-6, 2.1e-6, 1.3e-6, 5.9e-6, 8.3e-6, 6.3e-6, 4.4e-6, 6.7e-6, 2.6e-6, 5.4e-6, 7.7e-6, 3.3e-6, 7.6e-6, 9.6e-6, 8.5e-6, 3.1e-6, 9.8e-6, 2.4e-6, 7.1e-6, 2.2e-6, 1.0e-6, 4.2e-6, 5.4e-6, 8.1e-6, 6.9e-6, 4.4e-6, 7.5e-6, 1.8e-6, 1.0e-6, 2.8e-6, 2.3e-6, 8.5e-6, 5.1e-6, 5.9e-6, 8.9e-6, 4.3e-6, 6.8e-6, 1.1e-6]
demand
[17.1332, 208.003, 773.28, 149.157]
Instance: 8
noise
[5.0e-6, 6.1e-6, 8.0e-6, 4.5e-6, 2.9e-6, 9.6e-6, 5.5e-6, 1.0e-5, 4.3e-6, 8.7e-6, 9.4e-6, 4.5e-6, 2.7e-6, 2.1e-6, 4.5e-6, 8.4e-6, 9.3e-6, 5.7e-6, 8.7e-6, 1.6e-6, 6.4e-6, 5.0e-6, 9.0e-6, 3.0e-7, 9.6e-6, 6.6e-6, 3.9e-6, 2.5e-6, 8.3e-6, 7.2e-6, 1.8e-6, 6.1e-6, 6.1e-6, 7.7e-6, 5.0e-7, 5.5e-6, 6.9e-6, 5.9e-6, 7.3e-6, 1.4e-6, 7.4e-6, 1.6e-6, 9.4e-6, 3.4e-6, 5.2e-6, 6.4e-6, 2.4e-6, 8.9e-6, 2.9e-6, 6.5e-6, 8.0e-7, 8.3e-6, 8.6e-6, 3.2e-6, 9.1e-6, 9.3e-6, 6.5e-6, 7.1e-6, 3.6e-6, 3.8e-6, 3.1e-6, 6.8e-6, 2.2e-6, 1.4e-6, 3.1e-6, 2.8e-6, 6.8e-6, 4.8e-6, 4.9e-6, 1.4e-6, 4.8e-6, 5.1e-6]
demand
[128.947, 374.907, 231.762, 386.818]
Instance: 9
noise
[1.8e-6, 9.0e-6, 3.1e-6, 1.6e-6, 2.8e-6, 7.1e-6, 7.7e-6, 5.7e-6, 4.9e-6, 7.7e-6, 4.3e-6, 9.4e-6, 5.9e-6, 2.0e-6, 5.0e-7, 2.1e-6, 7.6e-6, 3.4e-6, 1.3e-6, 8.4e-6, 2.8e-6, 5.0e-6, 6.3e-6, 7.4e-6, 9.4e-6, 9.4e-6, 4.8e-6, 3.3e-6, 8.4e-6, 2.5e-6, 7.5e-6, 8.9e-6, 6.6e-6, 8.4e-6, 5.0e-6, 1.5e-6, 5.0e-6, 4.8e-6, 7.7e-6, 1.0e-7, 4.1e-6, 4.0e-6, 1.0e-7, 2.4e-6, 5.3e-6, 7.1e-6, 4.7e-6, 7.0e-6, 9.7e-6, 1.0e-7, 2.5e-6, 9.4e-6, 1.0e-5, 2.8e-6, 9.7e-6, 7.1e-6, 3.5e-6, 3.0e-6, 2.4e-6, 4.9e-6, 6.0e-7, 2.4e-6, 9.1e-6, 9.3e-6, 1.1e-6, 7.0e-6, 8.1e-6, 3.6e-6, 6.4e-6, 2.0e-7, 2.6e-6, 9.2e-6]
demand
[152.867, 121.684, 49.3194, 819.066]
Instance: 10
noise
[3.0e-6, 8.3e-6, 4.8e-6, 5.9e-6, 1.2e-6, 3.0e-7, 6.6e-6, 3.6e-6, 7.5e-6, 4.7e-6, 7.2e-6, 1.0e-7, 5.6e-6, 1.0e-7, 4.3e-6, 3.0e-7, 1.8e-6, 5.6e-6, 9.3e-6, 1.7e-6, 7.2e-6, 9.8e-6, 4.3e-6, 7.2e-6, 7.9e-6, 8.0e-7, 8.6e-6, 4.7e-6, 4.0e-6, 4.9e-6, 3.7e-6, 7.7e-6, 2.5e-6, 2.3e-6, 6.1e-6, 5.6e-6, 5.1e-6, 5.4e-6, 7.3e-6, 7.7e-6, 1.7e-6, 7.0e-6, 5.0e-6, 1.9e-6, 1.6e-6, 5.9e-6, 8.0e-6, 5.6e-6, 6.4e-6, 1.2e-6, 3.9e-6, 8.6e-6, 5.5e-6, 8.6e-6, 4.9e-6, 8.2e-6, 2.1e-6, 7.4e-6, 2.0e-7, 3.2e-6, 6.3e-6, 2.9e-6, 8.7e-6, 6.1e-6, 6.3e-6, 2.1e-6, 7.9e-6, 6.0e-6, 8.0e-7, 3.6e-6, 8.2e-6, 8.4e-6]
demand
[583.472, 292.47, 57.6733, 210.12]
