Instance: 1
noise
[4.7e-6, 3.5e-6, 8.7e-6, 7.3e-6, 6.8e-6, 1.0e-5, 6.9e-6, 5.2e-6, 4.8e-6, 8.5e-6, 4.8e-6, 6.3e-6, 7.0e-6, 6.9e-6, 7.3e-6, 2.0e-6, 2.3e-6, 3.0e-7, 2.2e-6, 6.2e-6, 6.7e-6, 6.8e-6, 4.3e-6, 6.8e-6, 6.8e-6, 8.5e-6, 4.9e-6, 4.3e-6, 4.8e-6, 5.2e-6, 3.8e-6, 8.8e-6, 6.6e-6, 3.9e-6, 4.3e-6, 6.2e-6, 2.0e-6, 8.0e-7, 5.8e-6, 9.3e-6, 2.3e-6, 6.2e-6, 5.8e-6, 3.0e-6, 3.5e-6, 3.4e-6, 4.7e-6, 1.6e-6, 7.3e-6, 6.4e-6, 2.4e-6, 4.5e-6, 9.5e-6, 1.4e-6, 9.0e-6, 1.0e-5, 8.3e-6, 3.0e-6, 4.4e-6, 3.4e-6, 5.8e-6, 4.7e-6, 6.0e-7, 5.5e-6, 3.0e-6, 6.4e-6, 6.1e-6, 6.6e-6, 7.5e-6, 5.4e-6, 9.3e-6, 8.3e-6]
demand
[334.209, 222.818, 323.081, 32.1155, 320.536, 95.4901]
Instance: 2
noise
[6.1e-6, 6.9e-6, 8.5e-6, 8.1e-6, 6.1e-6, 6.0e-7, 4.0e-6, 8.3e-6, 8.0e-6, 7.5e-6, 2.7e-6, 9.7e-6, 9.7e-6, 7.2e-6, 7.4e-6, 7.2e-6, 5.0e-7, 3.9e-6, 1.8e-6, 1.0e-6, 3.1e-6, 7.2e-6, 9.4e-6, 6.0e-6, 2.9e-6, 8.0e-6, 9.6e-6, 5.2e-6, 4.1e-6, 1.4e-6, 7.0e-7, 4.6e-6, 4.0e-7, 8.4e-6, 1.0e-6, 9.1e-6, 1.0e-7, 9.3e-6, 9.0e-6, 5.6e-6, 1.9e-6, 4.0e-6, 5.5e-6, 3.8e-6, 3.0e-6, 9.9e-6, 5.3e-6, 8.3e-6, 6.9e-6, 9.2e-6, 7.4e-6, 2.2e-6, 2.0e-7, 2.0e-7, 1.7e-6, 1.8e-6, 5.7e-6, 5.4e-6, 6.7e-6, 1.3e-6, 5.2e-6, 8.5e-6, 6.5e-6, 8.1e-6, 1.0e-5, 5.9e-6, 4.0e-6, 2.6e-6, 4.0e-6, 8.0e-6, 4.0e-6, 2.4e-6]
demand
[158.658, 364.347, 173.58, 179.336, 246.596, 230.681]
Instance: 3
noise
[4.0e-7, 8.0e-6, 9.0e-6, 1.9e-6, 2.6e-6, 9.5e-6, 9.0e-7, 1.9e-6, 7.1e-6, 7.0e-7, 4.2e-6, 3.0e-6, 9.3e-6, 1.0e-6, 9.1e-6, 1.2e-6, 8.0e-7, 3.4e-6, 6.6e-6, 1.8e-6, 7.6e-6, 6.6e-6, 3.3e-6, 3.9e-6, 4.0e-6, 4.0e-6, 3.9e-6, 7.2e-6, 8.0e-6, 5.5e-6, 7.0e-6, 2.1e-6, 2.6e-6, 2.2e-6, 1.0e-7, 8.7e-6, 7.5e-6, 7.9e-6, 5.9e-6, 5.6e-6, 3.4e-6, 8.0e-6, 9.5e-6, 6.0e-6, 2.4e-6, 7.3e-6, 4.0e-7, 5.0e-6, 3.3e-6, 9.8e-6, 9.1e-6, 3.0e-6, 8.2e-6, 6.8e-6, 2.0e-6, 5.4e-6, 3.3e-6, 8.3e-6, 3.7e-6, 3.0e-6, 2.4e-6, 1.4e-6, 5.7e-6, 7.2e-6, 1.0e-7, 1.7e-6, 2.4e-6, 1.0e-6, 2.1e-6, 6.0e-6, 5.6e-6, 4.7e-6]
demand
[455.518, 319.509, 230.234, 209.965, 74.6649, 78.2276]
Instance: 4
noise
[4.8e-6, 6.3e-6, 9.1e-6, 2.1e-6, 3.2e-6, 2.5e-6, 8.0e-6, 3.7e-6, 6.0e-7, 9.5e-6, 6.5e-6, 6.9e-6, 6.9e-6, 2.5e-6, 2.4e-6, 4.6e-6, 5.2e-6, 2.6e-6, 6.4e-6, 8.6e-6, 1.2e-6, 2.0e-6, 9.4e-6, 4.1e-6, 5.0e-6, 8.0e-7, 9.8e-6, 3.7e-6, 1.8e-6, 9.0e-7, 7.0e-6, 3.2e-6, 6.7e-6, 7.7e-6, 3.9e-6, 5.3e-6, 8.6e-6, 8.1e-6, 7.7e-6, 8.1e-6, 8.2e-6, 9.3e-6, 6.1e-6, 6.9e-6, 5.6e-6, 2.1e-6, 6.0e-6, 6.7e-6, 6.8e-6, 7.6e-6, 3.0e-6, 2.2e-6, 7.2e-6, 4.4e-6, 8.0e-7, 1.5e-6, 9.4e-6, 8.0e-7, 5.8e-6, 1.4e-6, 4.2e-6, 4.8e-6, 9.8e-6, 9.0e-7, 8.5e-6, 9.0e-7, 9.4e-6, 5.0e-7, 4.4e-6, 8.9e-6, 7.2e-6, 3.3e-6]
demand
[75.268, 91.1139, 371.538, 35.2055, 481.693, 290.618]
Instance: 5
noise
[9.7e-6, 2.5e-6, 5.0e-6, 2.1e-6, 2.7e-6, 8.3e-6, 2.1e-6, 7.8e-6, 7.5e-6, 9.8e-6, 6.0e-7, 6.6e-6, 3.9e-6, 4.3e-6, 5.0e-7, 5.7e-6, 4.1e-6, 2.3e-6, 4.9e-6, 7.8e-6, 5.2e-6, 3.1e-6, 2.3e-6, 5.2e-6, 5.0e-7, 1.5e-6, 9.2e-6, 7.5e-6, 8.0e-6, 8.3e-6, 4.6e-6, 6.3e-6, 3.5e-6, 5.5e-6, 4.0e-6, 2.0e-6, 7.0e-6, 1.0e-6, 5.1e-6, 3.3e-6, 3.1e-6, 7.5e-6, 6.1e-6, 5.4e-6, 4.8e-6, 9.0e-7, 8.5e-6, 1.6e-6, 3.7e-6, 6.4e-6, 4.8e-6, 6.5e-6, 8.8e-6, 8.7e-6, 5.3e-6, 3.7e-6, 5.3e-6, 7.0e-7, 5.6e-6, 1.0e-5, 4.5e-6, 1.4e-6, 2.5e-6, 2.8e-6, 7.8e-6, 6.3e-6, 7.0e-6, 2.3e-6, 8.3e-6, 8.4e-6, 1.0e-5, 4.8e-6]
demand
[324.931, 183.369, 363.062, 176.654, 175.965, 119.905]
Instance: 6
noise
[1.2e-6, 3.6e-6, 2.7e-6, 5.6e-6, 2.9e-6, 5.8e-6, 5.9e-6, 1.4e-6, 8.5e-6, 6.6e-6, 1.5e-6, 6.2e-6, 7.5e-6, 5.8e-6, 7.2e-6, 6.4e-6, 6.2e-6, 2.6e-6, 1.0e-7, 7.9e-6, 2.3e-6, 8.4e-6, 9.8e-6, 1.6e-6, 7.5e-6, 1.5e-6, 2.1e-6, 1.8e-6, 5.2e-6, 6.0e-7, 6.7e-6, 4.8e-6, 1.6e-6, 2.1e-6, 2.0e-7, 4.0e-7, 8.3e-6, 3.0e-6, 5.2e-6, 4.0e-6, 4.4e-6, 1.0e-5, 9.0e-7, 9.0e-7, 4.5e-6, 2.9e-6, 9.1e-6, 3.3e-6, 9.9e-6, 1.5e-6, 5.6e-6, 1.4e-6, 4.9e-6, 1.6e-6, 1.0e-6, 1.9e-6, 9.1e-6, 3.1e-6, 3.7e-6, 7.6e-6, 5.6e-6, 1.9e-6, 6.6e-6, 5.0e-6, 8.3e-6, 7.8e-6, 3.0e-6, 1.1e-6, 2.9e-6, 9.7e-6, 9.4e-6, 7.8e-6]
demand
[141.237, 147.63, 159.714, 212.557, 620.639, 87.6912]
Instance: 7
noise
[7.2e-6, 5.1e-6, 2.3e-6, 6.6e-6, 6.9e-6, 5.0e-7, 9.0e-6, 3.3e-6, 9.7e-6, 2.4e-6, 6.8e-6, 6.6e-6, 4.2e-6, 7.1e-6, 4.7e-6, 7.0e-7, 1.2e-6, 2.4e-6, 3.0e-6, 9.1e-6, 3.9e-6, 4.0e-6, 4.5e-6, 6.0e-6, 2.6e-6, 7.1e-6, 7.7e-6, 4.3e-6, 8.0e-7, 3.0e-7, 8.8e-6, 6.9e-6, 9.3e-6, 8.6e-6, 6.8e-6, 4.7e-6, 2.6e-6, 5.8e-6, 7.1e-6, 7.9e-6, 5.8e-6, 5.0e-6, 9.5e-6, 8.2e-6, 2.1e-6, 8.7e-6, 1.5e-6, 7.7e-6, 9.0e-7, 9.0e-7, 2.6e-6, 1.0e-7, 2.3e-6, 9.3e-6, 9.4e-6, 8.5e-6, 2.9e-6, 3.9e-6, 9.7e-6, 7.0e-7, 5.2e-6, 2.0e-7, 1.0e-6, 5.7e-6, 8.4e-6, 9.8e-6, 6.2e-6, 2.2e-6, 7.0e-7, 9.0e-6, 3.0e-6, 3.1e-6]
demand
[444.46, 475.87, 133.396, 44.7797, 98.0077, 163.202]
Instance: 8
noise
[6.0e-7, 6.8e-6, 3.6e-6, 1.6e-6, 2.5e-6, 4.3e-6, 4.7e-6, 3.1e-6, 6.4e-6, 7.9e-6, 7.5e-6, 1.4e-6, 3.6e-6, 8.9e-6, 8.8e-6, 9.8e-6, 2.2e-6, 9.7e-6, 3.0e-7, 3.2e-6, 3.4e-6, 3.0e-6, 3.0e-6, 1.4e-6, 9.1e-6, 2.7e-6, 1.6e-6, 1.0e-5, 7.5e-6, 9.4e-6, 9.6e-6, 3.5e-6, 1.0e-6, 8.0e-6, 5.8e-6, 1.3e-6, 3.5e-6, 8.3e-6, 2.3e-6, 7.1e-6, 3.6e-6, 7.0e-6, 8.1e-6, 5.0e-6, 4.0e-7, 9.8e-6, 6.7e-6, 7.2e-6, 6.1e-6, 1.9e-6, 4.0e-7, 9.0e-6, 1.1e-6, 7.0e-7, 5.4e-6, 5.6e-6, 5.1e-6, 9.3e-6, 9.8e-6, 1.6e-6, 8.7e-6, 4.5e-6, 1.4e-6, 1.9e-6, 6.8e-6, 5.3e-6, 7.1e-6, 3.7e-6, 3.2e-6, 2.4e-6, 7.4e-6, 9.4e-6]
demand
[47.7239, 19.7697, 951.205, 228.317, 65.3194, 40.7361]
Instance: 9
noise
[3.6e-6, 6.1e-6, 2.7e-6, 7.1e-6, 9.4e-6, 6.3e-6, 8.1e-6, 9.8e-6, 6.8e-6, 6.4e-6, 4.8e-6, 2.4e-6, 5.0e-7, 3.8e-6, 9.2e-6, 3.9e-6, 4.0e-6, 4.9e-6, 6.1e-6, 8.5e-6, 3.2e-6, 5.8e-6, 7.9e-6, 3.7e-6, 5.3e-6, 5.3e-6, 7.4e-6, 4.4e-6, 2.0e-6, 6.2e-6, 7.8e-6, 7.5e-6, 2.6e-6, 8.1e-6, 6.5e-6, 5.9e-6, 7.0e-6, 8.9e-6, 3.2e-6, 4.1e-6, 4.7e-6, 9.1e-6, 3.2e-6, 7.1e-6, 9.2e-6, 3.7e-6, 4.0e-6, 4.4e-6, 8.0e-7, 9.0e-7, 5.2e-6, 1.8e-6, 1.3e-6, 4.8e-6, 9.4e-6, 2.9e-6, 3.8e-6, 9.3e-6, 7.6e-6, 7.7e-6, 4.0e-6, 5.8e-6, 3.4e-6, 7.9e-6, 8.5e-6, 7.9e-6, 2.0e-7, 3.3e-6, 5.1e-6, 7.0e-7, 6.9e-6, 4.2e-6]
demand
[118.559, 28.518, 36.2207, 713.558, 253.45, 183.666]
Instance: 10
noise
[5.5e-6, 1.0e-5, 4.4e-6, 7.6e-6, 1.5e-6, 6.8e-6, 2.5e-6, 4.2e-6, 4.6e-6, 9.5e-6, 4.9e-6, 5.3e-6, 6.7e-6, 7.2e-6, 6.7e-6, 6.4e-6, 6.3e-6, 6.8e-6, 6.8e-6, 3.5e-6, 5.5e-6, 6.9e-6, 1.0e-6, 9.4e-6, 8.2e-6, 6.2e-6, 2.8e-6, 7.5e-6, 8.3e-6, 1.0e-5, 8.8e-6, 2.9e-6, 4.3e-6, 9.8e-6, 6.3e-6, 5.8e-6, 6.0e-7, 4.6e-6, 9.4e-6, 4.5e-6, 1.1e-6, 9.0e-7, 2.2e-6, 4.1e-6, 1.5e-6, 9.0e-7, 4.0e-6, 2.7e-6, 9.2e-6, 9.5e-6, 3.7e-6, 4.5e-6, 8.8e-6, 1.5e-6, 9.4e-6, 1.0e-5, 2.8e-6, 6.5e-6, 7.9e-6, 9.5e-6, 5.7e-6, 4.5e-6, 7.5e-6, 6.0e-6, 5.2e-6, 1.0e-5, 2.4e-6, 2.0e-7, 6.5e-6, 1.5e-6, 1.8e-6, 2.7e-6]
demand
[42.547, 93.9393, 43.1912, 43.2083, 1046.69, 65.702]
