Instance: 1
noise
[6.4e-6, 7.0e-7, 9.9e-6, 4.1e-6, 3.5e-6, 9.8e-6, 2.7e-6, 6.6e-6, 3.0e-6, 1.4e-6, 4.9e-6, 7.1e-6, 3.7e-6, 9.0e-6, 2.8e-6, 6.6e-6, 2.0e-6, 1.5e-6, 4.3e-6, 9.5e-6, 8.1e-6, 6.3e-6, 1.0e-5, 1.7e-6, 4.4e-6, 8.6e-6, 1.6e-6, 5.0e-7, 9.5e-6, 8.6e-6, 9.4e-6, 3.2e-6, 8.7e-6, 9.6e-6, 5.4e-6, 7.4e-6, 9.0e-6, 1.2e-6, 8.8e-6, 8.0e-6, 9.4e-6, 6.4e-6, 8.3e-6, 8.3e-6, 9.7e-6, 8.6e-6, 8.5e-6, 7.1e-6, 1.0e-6, 9.0e-7, 6.2e-6, 1.6e-6, 8.0e-6, 7.3e-6, 7.9e-6, 7.5e-6, 5.0e-6, 9.5e-6, 4.9e-6, 9.0e-6, 3.9e-6, 4.8e-6, 8.6e-6, 1.0e-7, 5.2e-6, 3.4e-6, 4.3e-6, 1.4e-6, 5.1e-6, 2.0e-6, 5.8e-6, 4.9e-6]
demand
[553.454, 58.624, 296.993, 51.1571, 77.7637, 14.1486]
Instance: 2
noise
[5.8e-6, 3.4e-6, 9.0e-7, 5.0e-7, 5.7e-6, 9.5e-6, 8.9e-6, 8.7e-6, 6.4e-6, 2.9e-6, 3.6e-6, 2.3e-6, 3.5e-6, 5.1e-6, 4.0e-6, 8.1e-6, 1.0e-6, 8.4e-6, 8.1e-6, 6.8e-6, 2.1e-6, 8.5e-6, 3.5e-6, 5.0e-7, 4.9e-6, 8.5e-6, 1.9e-6, 6.3e-6, 5.6e-6, 9.9e-6, 8.6e-6, 6.3e-6, 1.0e-7, 9.6e-6, 7.7e-6, 5.9e-6, 7.3e-6, 7.5e-6, 7.0e-7, 8.3e-6, 2.0e-7, 9.0e-6, 1.3e-6, 4.1e-6, 5.6e-6, 4.6e-6, 6.3e-6, 4.0e-7, 5.3e-6, 7.1e-6, 4.8e-6, 3.7e-6, 3.8e-6, 5.0e-6, 8.1e-6, 1.1e-6, 1.1e-6, 1.3e-6, 3.6e-6, 3.7e-6, 6.4e-6, 4.1e-6, 6.4e-6, 4.3e-6, 6.0e-7, 9.5e-6, 8.4e-6, 4.1e-6, 9.7e-6, 5.6e-6, 8.0e-6, 5.1e-6]
demand
[36.6419, 42.2858, 54.1982, 451.549, 466.273, 18.342]
Instance: 3
noise
[3.0e-6, 3.3e-6, 7.9e-6, 3.0e-7, 9.8e-6, 8.5e-6, 2.5e-6, 3.8e-6, 1.8e-6, 6.5e-6, 8.8e-6, 1.2e-6, 9.9e-6, 4.0e-6, 3.4e-6, 5.8e-6, 6.0e-7, 1.2e-6, 4.8e-6, 8.8e-6, 3.5e-6, 6.1e-6, 9.7e-6, 3.1e-6, 2.4e-6, 1.0e-6, 7.0e-6, 3.6e-6, 1.7e-6, 8.7e-6, 6.9e-6, 2.3e-6, 3.0e-7, 4.2e-6, 2.2e-6, 6.4e-6, 5.0e-6, 7.2e-6, 7.0e-7, 1.3e-6, 4.9e-6, 3.6e-6, 2.4e-6, 1.5e-6, 3.4e-6, 7.9e-6, 1.2e-6, 9.8e-6, 5.6e-6, 4.1e-6, 9.3e-6, 4.0e-6, 9.6e-6, 1.8e-6, 1.0e-6, 9.9e-6, 1.6e-6, 9.2e-6, 1.0e-7, 4.8e-6, 1.2e-6, 7.5e-6, 1.3e-6, 5.0e-6, 7.1e-6, 1.0e-7, 9.7e-6, 3.8e-6, 7.7e-6, 6.1e-6, 3.0e-7, 4.9e-6]
demand
[50.6079, 526.861, 180.58, 170.691, 55.4068, 103.272]
Instance: 4
noise
[2.6e-6, 9.3e-6, 2.8e-6, 5.5e-6, 6.0e-7, 1.0e-6, 6.4e-6, 4.4e-6, 7.4e-6, 6.0e-6, 6.4e-6, 3.2e-6, 6.3e-6, 1.0e-5, 9.0e-7, 9.1e-6, 7.9e-6, 1.0e-7, 9.0e-7, 3.7e-6, 7.2e-6, 8.1e-6, 3.4e-6, 3.8e-6, 3.3e-6, 8.7e-6, 7.0e-6, 5.8e-6, 2.0e-7, 3.8e-6, 4.0e-7, 4.1e-6, 1.5e-6, 9.2e-6, 4.5e-6, 9.9e-6, 2.0e-7, 8.9e-6, 7.0e-6, 1.2e-6, 3.7e-6, 6.9e-6, 3.5e-6, 1.3e-6, 5.3e-6, 3.3e-6, 4.9e-6, 8.6e-6, 7.0e-6, 1.3e-6, 4.7e-6, 3.1e-6, 7.9e-6, 8.3e-6, 6.8e-6, 7.5e-6, 3.8e-6, 3.8e-6, 6.5e-6, 9.6e-6, 8.0e-7, 3.0e-7, 8.3e-6, 2.0e-7, 2.7e-6, 9.6e-6, 3.0e-6, 6.0e-7, 4.0e-6, 5.4e-6, 9.1e-6, 9.6e-6]
demand
[96.4548, 97.5378, 317.949, 397.544, 85.99, 85.1809]
Instance: 5
noise
[2.0e-7, 2.1e-6, 5.0e-7, 2.3e-6, 2.3e-6, 5.0e-6, 1.5e-6, 7.9e-6, 7.4e-6, 8.4e-6, 2.5e-6, 4.3e-6, 1.2e-6, 8.1e-6, 3.0e-6, 3.1e-6, 2.1e-6, 4.5e-6, 3.5e-6, 7.6e-6, 8.8e-6, 9.6e-6, 8.3e-6, 1.8e-6, 9.6e-6, 3.4e-6, 5.3e-6, 8.2e-6, 1.9e-6, 6.0e-7, 8.5e-6, 6.3e-6, 2.7e-6, 2.1e-6, 9.6e-6, 2.2e-6, 7.6e-6, 5.4e-6, 1.6e-6, 4.6e-6, 9.8e-6, 5.9e-6, 9.0e-6, 3.0e-7, 7.3e-6, 9.1e-6, 5.6e-6, 6.4e-6, 8.6e-6, 1.6e-6, 2.0e-6, 5.8e-6, 3.3e-6, 6.1e-6, 9.5e-6, 7.0e-6, 5.8e-6, 3.4e-6, 5.3e-6, 6.3e-6, 3.2e-6, 2.8e-6, 7.1e-6, 1.4e-6, 6.9e-6, 5.5e-6, 5.2e-6, 2.8e-6, 5.7e-6, 6.0e-7, 4.6e-6, 5.8e-6]
demand
[384.808, 45.3087, 284.987, 56.4759, 244.982, 51.6517]
Instance: 6
noise
[6.0e-6, 7.7e-6, 8.8e-6, 8.4e-6, 8.2e-6, 8.8e-6, 6.0e-7, 7.2e-6, 1.0e-5, 5.1e-6, 5.3e-6, 9.0e-6, 1.0e-7, 9.1e-6, 9.0e-7, 1.6e-6, 7.8e-6, 2.7e-6, 3.4e-6, 6.4e-6, 7.8e-6, 1.8e-6, 9.2e-6, 1.8e-6, 1.3e-6, 1.7e-6, 6.3e-6, 8.2e-6, 2.2e-6, 8.9e-6, 1.0e-6, 9.0e-7, 7.2e-6, 9.8e-6, 6.0e-7, 7.1e-6, 3.8e-6, 3.6e-6, 3.2e-6, 9.0e-7, 3.8e-6, 1.6e-6, 9.5e-6, 1.0e-5, 3.8e-6, 2.8e-6, 2.5e-6, 4.0e-7, 9.1e-6, 9.0e-6, 6.0e-6, 9.8e-6, 4.8e-6, 5.9e-6, 5.0e-6, 8.7e-6, 2.9e-6, 3.4e-6, 1.3e-6, 1.0e-5, 3.4e-6, 9.3e-6, 9.3e-6, 7.9e-6, 2.0e-6, 8.8e-6, 4.6e-6, 2.9e-6, 5.4e-6, 6.3e-6, 8.8e-6, 7.6e-6]
demand
[142.89, 246.968, 47.1215, 35.9188, 169.511, 420.412]
Instance: 7
noise
[4.0e-7, 4.1e-6, 9.5e-6, 4.6e-6, 8.9e-6, 7.0e-7, 3.0e-7, 1.9e-6, 8.7e-6, 1.0e-6, 5.9e-6, 9.4e-6, 1.8e-6, 6.7e-6, 4.0e-6, 9.2e-6, 4.1e-6, 5.3e-6, 2.4e-6, 8.1e-6, 2.0e-7, 2.1e-6, 2.9e-6, 5.0e-6, 4.4e-6, 9.2e-6, 8.5e-6, 2.1e-6, 2.5e-6, 7.3e-6, 7.8e-6, 2.0e-6, 9.0e-6, 9.3e-6, 1.3e-6, 3.8e-6, 3.2e-6, 1.7e-6, 1.6e-6, 7.6e-6, 2.0e-6, 7.6e-6, 7.3e-6, 1.1e-6, 2.7e-6, 1.1e-6, 5.1e-6, 5.0e-6, 1.8e-6, 7.7e-6, 5.8e-6, 5.0e-6, 8.5e-6, 3.1e-6, 8.1e-6, 9.4e-6, 5.1e-6, 8.7e-6, 1.4e-6, 7.2e-6, 3.7e-6, 3.5e-6, 1.6e-6, 9.6e-6, 3.1e-6, 3.2e-6, 2.4e-6, 3.0e-6, 8.6e-6, 9.5e-6, 5.9e-6, 2.7e-6]
demand
[53.7804, 409.358, 102.796, 98.3, 197.274, 210.694]
Instance: 8
noise
[8.9e-6, 4.6e-6, 8.6e-6, 2.0e-7, 7.0e-6, 7.6e-6, 4.3e-6, 3.5e-6, 2.6e-6, 5.1e-6, 3.7e-6, 6.1e-6, 1.3e-6, 8.7e-6, 9.5e-6, 8.0e-6, 9.6e-6, 8.3e-6, 6.5e-6, 7.5e-6, 7.1e-6, 9.9e-6, 4.7e-6, 8.4e-6, 6.0e-6, 3.3e-6, 2.9e-6, 4.7e-6, 4.0e-6, 3.4e-6, 2.3e-6, 5.1e-6, 4.5e-6, 8.0e-6, 5.8e-6, 6.2e-6, 3.6e-6, 9.2e-6, 9.0e-7, 8.3e-6, 3.8e-6, 2.6e-6, 7.5e-6, 7.7e-6, 7.0e-7, 5.2e-6, 1.2e-6, 5.7e-6, 6.1e-6, 8.2e-6, 2.0e-6, 5.4e-6, 1.8e-6, 3.2e-6, 9.4e-6, 5.2e-6, 6.2e-6, 5.8e-6, 7.6e-6, 6.4e-6, 8.8e-6, 3.3e-6, 7.1e-6, 7.4e-6, 5.8e-6, 3.5e-6, 7.6e-6, 8.7e-6, 2.5e-6, 4.9e-6, 8.0e-6, 7.4e-6]
demand
[248.98, 42.6434, 412.716, 179.213, 140.09, 22.4123]
Instance: 9
noise
[1.2e-6, 6.5e-6, 9.0e-7, 6.7e-6, 3.0e-7, 4.0e-7, 4.0e-7, 1.7e-6, 7.3e-6, 6.3e-6, 5.7e-6, 4.1e-6, 7.5e-6, 5.9e-6, 9.8e-6, 1.3e-6, 7.4e-6, 2.2e-6, 4.2e-6, 1.2e-6, 2.0e-6, 3.8e-6, 4.0e-6, 9.9e-6, 6.0e-6, 3.4e-6, 7.0e-7, 5.8e-6, 2.7e-6, 5.0e-7, 5.8e-6, 2.0e-7, 4.0e-7, 7.0e-6, 7.4e-6, 5.1e-6, 5.4e-6, 6.8e-6, 3.3e-6, 4.0e-6, 2.7e-6, 4.2e-6, 4.2e-6, 4.0e-6, 2.6e-6, 3.6e-6, 3.5e-6, 8.0e-7, 4.1e-6, 7.9e-6, 9.4e-6, 2.0e-6, 5.2e-6, 6.2e-6, 9.1e-6, 8.2e-6, 6.9e-6, 1.8e-6, 4.5e-6, 4.1e-6, 4.6e-6, 1.3e-6, 6.2e-6, 9.2e-6, 9.4e-6, 7.9e-6, 3.8e-6, 7.5e-6, 4.4e-6, 2.3e-6, 6.4e-6, 3.7e-6]
demand
[134.426, 148.88, 505.821, 70.5233, 191.23, 29.5531]
Instance: 10
noise
[9.3e-6, 4.4e-6, 8.1e-6, 2.2e-6, 9.1e-6, 9.3e-6, 2.9e-6, 2.0e-6, 7.1e-6, 2.3e-6, 6.9e-6, 4.0e-7, 6.0e-6, 7.1e-6, 8.1e-6, 2.2e-6, 5.8e-6, 3.0e-6, 5.3e-6, 9.4e-6, 5.0e-6, 7.3e-6, 7.1e-6, 6.4e-6, 2.9e-6, 6.3e-6, 9.3e-6, 3.4e-6, 5.0e-6, 5.8e-6, 2.0e-7, 8.5e-6, 3.4e-6, 3.0e-6, 2.1e-6, 4.0e-7, 5.6e-6, 1.6e-6, 7.0e-7, 9.1e-6, 5.5e-6, 8.8e-6, 6.4e-6, 5.9e-6, 9.0e-6, 3.0e-7, 3.9e-6, 5.5e-6, 2.3e-6, 7.0e-7, 4.2e-6, 2.2e-6, 8.7e-6, 8.0e-7, 1.5e-6, 7.0e-7, 4.5e-6, 1.5e-6, 6.4e-6, 4.9e-6, 2.1e-6, 1.3e-6, 5.3e-6, 7.0e-7, 3.6e-6, 7.1e-6, 1.1e-6, 3.9e-6, 4.9e-6, 2.6e-6, 3.0e-6, 6.5e-6]
demand
[108.3, 494.945, 94.7195, 167.742, 73.8612, 140.325]
