Instance: 1
noise
[9.8e-6, 9.9e-6, 7.3e-6, 3.6e-6, 4.0e-6, 2.8e-6, 4.4e-6, 6.0e-7, 9.1e-6, 5.0e-6, 6.0e-6, 4.0e-6, 2.3e-6, 4.2e-6, 9.6e-6, 3.0e-7, 7.5e-6, 6.9e-6, 1.8e-6, 1.6e-6, 3.5e-6, 4.0e-6, 9.2e-6, 2.1e-6, 8.7e-6, 1.5e-6, 2.5e-6, 8.5e-6, 4.6e-6, 2.3e-6, 3.0e-7, 1.7e-6, 6.2e-6, 1.3e-6, 7.2e-6, 3.7e-6, 4.2e-6, 7.0e-6, 7.5e-6, 2.9e-6, 6.9e-6, 3.8e-6, 5.2e-6, 9.6e-6, 6.1e-6, 3.2e-6, 6.2e-6, 6.7e-6, 8.6e-6, 8.4e-6, 4.7e-6, 5.2e-6, 1.5e-6, 7.9e-6, 2.4e-6, 8.0e-7, 6.6e-6, 9.0e-7, 2.0e-7, 7.6e-6, 1.0e-5, 2.0e-7, 1.3e-6, 7.7e-6, 2.7e-6, 1.2e-6, 9.2e-6, 2.6e-6, 2.1e-6, 8.5e-6, 6.0e-6, 5.9e-6]
demand
[577.395, 97.2911, 456.82, 37.0517, 23.9135, 25.627]
Instance: 2
noise
[3.0e-7, 8.4e-6, 2.8e-6, 3.8e-6, 5.8e-6, 7.1e-6, 1.8e-6, 9.9e-6, 7.5e-6, 1.0e-6, 6.9e-6, 6.1e-6, 9.6e-6, 7.5e-6, 5.3e-6, 5.1e-6, 2.0e-6, 7.1e-6, 5.8e-6, 1.9e-6, 7.8e-6, 3.0e-7, 8.0e-7, 2.7e-6, 8.8e-6, 3.5e-6, 3.7e-6, 5.6e-6, 7.5e-6, 8.9e-6, 9.5e-6, 2.4e-6, 5.2e-6, 2.9e-6, 2.9e-6, 3.1e-6, 1.0e-7, 6.0e-7, 1.3e-6, 5.6e-6, 7.7e-6, 3.7e-6, 1.4e-6, 4.0e-6, 2.8e-6, 4.4e-6, 7.3e-6, 6.5e-6, 9.0e-6, 7.0e-6, 4.6e-6, 9.7e-6, 2.2e-6, 7.6e-6, 7.1e-6, 7.0e-6, 8.0e-6, 3.4e-6, 3.0e-6, 8.9e-6, 8.6e-6, 7.3e-6, 1.0e-5, 7.0e-6, 9.1e-6, 7.0e-6, 4.3e-6, 2.5e-6, 4.7e-6, 9.0e-6, 3.0e-6, 7.0e-7]
demand
[119.089, 45.3169, 58.8297, 552.498, 167.189, 262.782]
Instance: 3
noise
[8.7e-6, 4.9e-6, 1.4e-6, 3.7e-6, 7.9e-6, 6.7e-6, 4.8e-6, 1.5e-6, 4.2e-6, 4.5e-6, 6.8e-6, 2.5e-6, 7.7e-6, 4.0e-7, 6.2e-6, 9.4e-6, 4.3e-6, 3.4e-6, 6.6e-6, 9.8e-6, 6.1e-6, 9.4e-6, 7.2e-6, 2.9e-6, 1.4e-6, 8.5e-6, 7.7e-6, 1.0e-6, 3.2e-6, 4.8e-6, 6.2e-6, 5.0e-7, 6.0e-6, 6.9e-6, 2.0e-7, 4.4e-6, 5.1e-6, 3.0e-6, 7.6e-6, 4.9e-6, 4.2e-6, 9.0e-6, 2.9e-6, 4.4e-6, 9.4e-6, 7.1e-6, 4.2e-6, 6.1e-6, 6.0e-7, 5.0e-6, 2.0e-7, 5.0e-6, 2.2e-6, 9.2e-6, 2.9e-6, 6.6e-6, 5.1e-6, 2.9e-6, 4.9e-6, 7.6e-6, 2.1e-6, 8.6e-6, 3.4e-6, 4.6e-6, 7.6e-6, 9.2e-6, 2.0e-7, 4.0e-6, 2.2e-6, 5.4e-6, 8.0e-7, 5.0e-7]
demand
[211.926, 355.412, 48.6363, 33.1796, 247.94, 319.451]
Instance: 4
noise
[5.5e-6, 9.9e-6, 3.8e-6, 6.8e-6, 3.7e-6, 1.3e-6, 6.5e-6, 4.0e-7, 8.6e-6, 5.9e-6, 5.3e-6, 4.8e-6, 3.2e-6, 3.4e-6, 6.7e-6, 6.3e-6, 6.3e-6, 2.3e-6, 9.4e-6, 9.5e-6, 1.8e-6, 2.9e-6, 2.0e-7, 5.2e-6, 5.6e-6, 2.3e-6, 7.4e-6, 2.8e-6, 8.3e-6, 4.2e-6, 2.5e-6, 7.2e-6, 1.0e-7, 1.3e-6, 6.2e-6, 2.4e-6, 1.3e-6, 3.0e-6, 1.2e-6, 2.0e-7, 3.0e-6, 6.5e-6, 4.2e-6, 2.7e-6, 2.8e-6, 3.6e-6, 2.4e-6, 5.2e-6, 1.5e-6, 5.2e-6, 6.9e-6, 6.0e-6, 1.2e-6, 5.0e-7, 2.5e-6, 9.0e-6, 1.0e-7, 2.4e-6, 5.8e-6, 6.8e-6, 7.4e-6, 4.8e-6, 7.7e-6, 8.9e-6, 2.5e-6, 7.3e-6, 2.4e-6, 2.2e-6, 3.0e-7, 6.9e-6, 6.4e-6, 1.0e-7]
demand
[641.647, 18.3391, 415.008, 8.73252, 22.7781, 132.615]
Instance: 5
noise
[9.0e-6, 4.8e-6, 5.3e-6, 1.0e-7, 5.8e-6, 8.5e-6, 3.9e-6, 3.1e-6, 8.6e-6, 1.0e-7, 3.5e-6, 1.5e-6, 1.9e-6, 9.6e-6, 4.2e-6, 9.3e-6, 6.7e-6, 3.0e-7, 9.9e-6, 4.1e-6, 2.3e-6, 4.4e-6, 2.0e-7, 2.3e-6, 1.8e-6, 3.7e-6, 4.8e-6, 5.8e-6, 4.8e-6, 7.8e-6, 7.9e-6, 5.7e-6, 1.3e-6, 3.0e-6, 9.1e-6, 1.8e-6, 3.0e-6, 5.2e-6, 6.3e-6, 7.9e-6, 7.3e-6, 6.1e-6, 3.8e-6, 9.2e-6, 8.4e-6, 5.3e-6, 5.1e-6, 5.0e-7, 7.8e-6, 9.3e-6, 7.2e-6, 4.0e-7, 7.8e-6, 5.0e-6, 8.8e-6, 9.9e-6, 5.1e-6, 8.1e-6, 2.7e-6, 4.0e-7, 6.3e-6, 3.6e-6, 8.7e-6, 9.1e-6, 4.1e-6, 3.4e-6, 8.4e-6, 5.5e-6, 9.2e-6, 2.0e-7, 9.9e-6, 3.6e-6]
demand
[174.173, 462.123, 51.2962, 341.635, 62.4804, 122.208]
Instance: 6
noise
[8.4e-6, 4.2e-6, 5.3e-6, 5.8e-6, 3.5e-6, 5.6e-6, 3.2e-6, 2.3e-6, 4.2e-6, 7.1e-6, 4.5e-6, 5.0e-7, 9.0e-7, 5.2e-6, 2.7e-6, 1.7e-6, 4.1e-6, 3.1e-6, 3.7e-6, 9.3e-6, 8.4e-6, 4.8e-6, 2.2e-6, 5.0e-6, 3.1e-6, 1.1e-6, 8.0e-6, 7.8e-6, 6.2e-6, 7.8e-6, 3.9e-6, 5.0e-7, 2.8e-6, 2.5e-6, 6.7e-6, 2.0e-6, 9.7e-6, 3.6e-6, 3.0e-7, 8.0e-7, 5.2e-6, 5.7e-6, 9.3e-6, 9.8e-6, 6.9e-6, 7.3e-6, 7.4e-6, 3.2e-6, 5.0e-7, 5.1e-6, 3.7e-6, 9.5e-6, 7.3e-6, 8.2e-6, 9.2e-6, 5.6e-6, 4.0e-7, 4.8e-6, 9.4e-6, 9.0e-7, 6.2e-6, 9.5e-6, 1.3e-6, 7.4e-6, 6.5e-6, 2.7e-6, 1.2e-6, 9.2e-6, 9.6e-6, 4.1e-6, 8.1e-6, 8.5e-6]
demand
[152.199, 104.703, 278.673, 94.6492, 96.0065, 482.628]
Instance: 7
noise
[2.8e-6, 5.8e-6, 4.2e-6, 8.0e-6, 5.9e-6, 4.9e-6, 1.9e-6, 8.3e-6, 3.1e-6, 7.8e-6, 8.8e-6, 4.8e-6, 7.8e-6, 3.1e-6, 6.2e-6, 2.1e-6, 6.0e-6, 8.0e-7, 1.7e-6, 2.8e-6, 1.0e-6, 6.7e-6, 1.3e-6, 9.7e-6, 2.9e-6, 9.8e-6, 9.1e-6, 3.0e-6, 4.2e-6, 6.2e-6, 9.0e-6, 5.2e-6, 1.2e-6, 7.6e-6, 1.9e-6, 5.1e-6, 2.4e-6, 1.0e-5, 4.4e-6, 4.8e-6, 5.4e-6, 2.0e-6, 9.3e-6, 5.9e-6, 1.2e-6, 6.5e-6, 8.5e-6, 2.4e-6, 3.1e-6, 3.0e-6, 2.4e-6, 2.1e-6, 7.7e-6, 8.6e-6, 4.0e-6, 8.3e-6, 1.3e-6, 5.4e-6, 8.0e-6, 9.9e-6, 5.8e-6, 7.9e-6, 6.9e-6, 7.0e-6, 8.8e-6, 1.7e-6, 2.6e-6, 2.8e-6, 8.8e-6, 3.7e-6, 9.3e-6, 7.6e-6]
demand
[533.703, 59.1375, 17.1936, 96.9444, 38.5442, 449.855]
Instance: 8
noise
[2.0e-7, 7.8e-6, 2.5e-6, 4.9e-6, 1.7e-6, 8.4e-6, 1.6e-6, 1.2e-6, 1.0e-7, 3.4e-6, 4.6e-6, 8.2e-6, 5.7e-6, 5.7e-6, 3.0e-7, 7.4e-6, 1.0e-6, 1.1e-6, 2.9e-6, 6.1e-6, 7.0e-6, 8.2e-6, 5.7e-6, 8.1e-6, 6.5e-6, 4.9e-6, 7.8e-6, 3.5e-6, 8.8e-6, 1.4e-6, 4.2e-6, 5.3e-6, 9.9e-6, 1.8e-6, 6.8e-6, 8.4e-6, 4.4e-6, 8.1e-6, 7.5e-6, 6.6e-6, 9.0e-6, 7.3e-6, 1.0e-6, 1.5e-6, 5.4e-6, 4.3e-6, 5.4e-6, 9.0e-6, 3.0e-7, 2.3e-6, 5.9e-6, 1.5e-6, 5.2e-6, 9.3e-6, 6.1e-6, 3.0e-7, 2.6e-6, 4.0e-7, 3.4e-6, 7.3e-6, 8.2e-6, 5.8e-6, 3.8e-6, 9.7e-6, 6.5e-6, 2.1e-6, 3.7e-6, 5.0e-7, 5.5e-6, 9.7e-6, 5.0e-6, 2.0e-6]
demand
[669.386, 227.377, 186.735, 31.3889, 83.1968, 24.467]
Instance: 9
noise
[5.9e-6, 9.3e-6, 8.3e-6, 8.4e-6, 3.0e-6, 9.9e-6, 1.6e-6, 4.3e-6, 2.0e-6, 5.1e-6, 4.6e-6, 9.0e-6, 8.3e-6, 7.8e-6, 5.8e-6, 9.0e-6, 1.6e-6, 7.5e-6, 1.6e-6, 1.4e-6, 9.2e-6, 6.3e-6, 9.7e-6, 9.4e-6, 2.7e-6, 7.4e-6, 8.2e-6, 3.3e-6, 4.0e-7, 3.0e-7, 5.8e-6, 9.5e-6, 8.0e-6, 6.6e-6, 8.0e-7, 6.0e-7, 6.1e-6, 3.9e-6, 4.0e-6, 4.8e-6, 3.0e-6, 3.6e-6, 8.2e-6, 6.2e-6, 7.7e-6, 4.6e-6, 5.0e-6, 9.3e-6, 2.1e-6, 5.0e-6, 4.3e-6, 8.2e-6, 4.5e-6, 4.2e-6, 9.2e-6, 7.4e-6, 6.6e-6, 6.1e-6, 9.0e-6, 3.7e-6, 1.8e-6, 8.9e-6, 4.1e-6, 3.3e-6, 8.8e-6, 3.4e-6, 2.1e-6, 3.4e-6, 9.0e-7, 1.8e-6, 4.8e-6, 8.5e-6]
demand
[90.3413, 115.907, 226.155, 435.217, 101.224, 227.338]
Instance: 10
noise
[4.4e-6, 5.7e-6, 3.7e-6, 6.0e-6, 1.9e-6, 3.1e-6, 2.0e-6, 5.4e-6, 6.8e-6, 9.8e-6, 7.1e-6, 1.3e-6, 3.3e-6, 2.8e-6, 9.9e-6, 6.7e-6, 4.7e-6, 2.7e-6, 6.4e-6, 9.1e-6, 3.6e-6, 1.4e-6, 1.5e-6, 5.2e-6, 8.0e-6, 6.2e-6, 1.3e-6, 1.0e-5, 9.7e-6, 4.3e-6, 9.9e-6, 3.0e-7, 9.9e-6, 9.5e-6, 8.5e-6, 6.1e-6, 3.8e-6, 9.6e-6, 2.2e-6, 6.3e-6, 4.1e-6, 9.2e-6, 9.7e-6, 7.2e-6, 4.7e-6, 8.7e-6, 5.0e-7, 7.0e-7, 2.0e-7, 1.1e-6, 1.2e-6, 6.9e-6, 1.0e-7, 4.1e-6, 5.1e-6, 9.5e-6, 1.2e-6, 4.0e-7, 9.4e-6, 6.0e-7, 7.6e-6, 5.0e-6, 8.8e-6, 2.6e-6, 5.0e-6, 1.2e-6, 2.0e-6, 7.2e-6, 4.1e-6, 9.1e-6, 9.5e-6, 2.0e-7]
demand
[79.7785, 334.705, 117.242, 455.439, 68.4147, 164.913]
