Instance: 1
noise
[3.3e-6, 9.8e-6, 3.0e-7, 6.2e-6, 7.9e-6, 4.6e-6, 5.9e-6, 4.3e-6, 5.0e-7, 1.6e-6, 6.0e-6, 7.0e-7, 2.3e-6, 5.5e-6, 9.6e-6, 5.2e-6, 9.9e-6, 6.6e-6, 9.4e-6, 8.6e-6, 5.2e-6, 5.0e-7, 8.9e-6, 7.5e-6, 3.0e-7, 3.5e-6, 1.0e-6, 3.7e-6, 5.6e-6, 6.1e-6, 4.4e-6, 5.7e-6, 9.9e-6, 4.4e-6, 7.9e-6, 1.2e-6, 3.0e-6, 3.1e-6, 5.0e-7, 5.9e-6, 2.8e-6, 7.2e-6, 6.5e-6, 2.8e-6, 3.2e-6, 2.4e-6, 5.2e-6, 1.8e-6, 5.2e-6, 4.2e-6, 1.7e-6, 7.6e-6, 2.5e-6, 2.8e-6, 6.7e-6, 1.0e-7, 2.9e-6, 8.0e-7, 6.9e-6, 3.3e-6, 8.0e-6, 6.6e-6, 1.1e-6, 2.0e-7, 8.8e-6, 7.3e-6, 1.7e-6, 9.5e-6, 6.4e-6, 3.7e-6, 1.6e-6, 6.7e-6]
demand
[183.318, 147.702, 121.696, 81.4244, 464.45, 156.141]
Instance: 2
noise
[2.4e-6, 3.6e-6, 9.1e-6, 3.1e-6, 8.2e-6, 5.1e-6, 1.0e-5, 2.6e-6, 4.5e-6, 9.0e-6, 3.1e-6, 2.9e-6, 9.3e-6, 9.0e-7, 8.0e-6, 7.7e-6, 7.6e-6, 6.1e-6, 4.1e-6, 5.0e-6, 8.9e-6, 9.2e-6, 4.0e-6, 1.0e-6, 8.3e-6, 8.0e-6, 5.7e-6, 2.2e-6, 7.4e-6, 6.8e-6, 1.8e-6, 3.7e-6, 7.0e-6, 2.0e-7, 4.4e-6, 5.1e-6, 6.9e-6, 1.0e-7, 5.4e-6, 3.0e-6, 1.3e-6, 8.0e-6, 9.1e-6, 1.6e-6, 4.0e-7, 5.4e-6, 7.9e-6, 5.6e-6, 9.1e-6, 1.4e-6, 4.1e-6, 4.4e-6, 7.1e-6, 3.0e-6, 2.8e-6, 1.4e-6, 3.3e-6, 2.8e-6, 9.7e-6, 8.7e-6, 8.8e-6, 8.5e-6, 3.3e-6, 3.1e-6, 9.1e-6, 4.7e-6, 9.8e-6, 9.4e-6, 5.3e-6, 2.5e-6, 8.4e-6, 3.9e-6]
demand
[73.7944, 77.3342, 162.889, 454.093, 217.547, 144.914]
Instance: 3
noise
[7.8e-6, 7.9e-6, 4.9e-6, 6.3e-6, 5.5e-6, 5.1e-6, 8.7e-6, 9.0e-6, 6.7e-6, 4.5e-6, 1.1e-6, 9.6e-6, 5.4e-6, 3.4e-6, 4.0e-6, 3.0e-6, 6.0e-6, 6.0e-6, 7.7e-6, 8.4e-6, 6.0e-7, 3.4e-6, 2.0e-6, 1.4e-6, 6.0e-7, 4.1e-6, 1.4e-6, 8.8e-6, 7.1e-6, 8.4e-6, 3.7e-6, 4.5e-6, 4.4e-6, 3.2e-6, 2.5e-6, 3.0e-7, 8.9e-6, 5.8e-6, 2.9e-6, 3.5e-6, 1.2e-6, 7.5e-6, 5.9e-6, 5.7e-6, 7.3e-6, 6.2e-6, 3.0e-7, 6.9e-6, 4.0e-6, 5.7e-6, 9.9e-6, 4.1e-6, 7.0e-7, 8.3e-6, 5.2e-6, 2.9e-6, 3.9e-6, 8.1e-6, 9.9e-6, 5.0e-7, 8.4e-6, 2.9e-6, 6.3e-6, 3.9e-6, 8.9e-6, 3.7e-6, 6.5e-6, 3.4e-6, 9.2e-6, 8.9e-6, 3.3e-6, 5.0e-6]
demand
[85.9272, 457.723, 11.7206, 29.4553, 332.21, 215.183]
Instance: 4
noise
[5.0e-7, 1.4e-6, 8.6e-6, 5.9e-6, 5.1e-6, 9.7e-6, 8.0e-6, 3.1e-6, 8.6e-6, 2.9e-6, 1.3e-6, 7.2e-6, 4.9e-6, 9.7e-6, 5.3e-6, 4.7e-6, 1.5e-6, 8.6e-6, 5.3e-6, 2.8e-6, 3.7e-6, 6.1e-6, 5.3e-6, 4.9e-6, 1.5e-6, 8.6e-6, 4.0e-7, 1.0e-6, 8.3e-6, 2.9e-6, 6.5e-6, 4.8e-6, 5.0e-6, 1.9e-6, 9.0e-7, 7.0e-6, 4.0e-6, 5.6e-6, 1.3e-6, 6.0e-7, 1.1e-6, 7.9e-6, 9.1e-6, 9.4e-6, 1.0e-7, 9.3e-6, 1.1e-6, 1.5e-6, 1.9e-6, 3.8e-6, 7.0e-7, 8.4e-6, 3.8e-6, 8.5e-6, 6.1e-6, 7.6e-6, 5.0e-6, 5.4e-6, 8.1e-6, 4.8e-6, 4.9e-6, 7.5e-6, 7.4e-6, 2.7e-6, 1.9e-6, 4.2e-6, 9.8e-6, 3.5e-6, 8.6e-6, 7.7e-6, 8.0e-7, 4.5e-6]
demand
[165.17, 131.694, 170.372, 68.9811, 25.8487, 582.9]
Instance: 5
noise
[2.1e-6, 7.2e-6, 2.6e-6, 9.0e-7, 2.0e-7, 4.1e-6, 6.4e-6, 2.5e-6, 2.5e-6, 5.4e-6, 8.2e-6, 3.6e-6, 3.1e-6, 4.3e-6, 2.1e-6, 8.0e-7, 5.5e-6, 6.0e-6, 8.9e-6, 7.2e-6, 5.0e-6, 8.4e-6, 6.8e-6, 1.3e-6, 3.8e-6, 4.0e-7, 7.0e-6, 6.8e-6, 9.4e-6, 2.2e-6, 9.0e-6, 1.0e-5, 8.9e-6, 8.0e-7, 5.9e-6, 6.8e-6, 1.8e-6, 7.0e-7, 7.6e-6, 8.1e-6, 3.4e-6, 6.3e-6, 1.9e-6, 3.0e-6, 5.3e-6, 3.5e-6, 3.0e-6, 4.9e-6, 8.2e-6, 4.0e-6, 7.6e-6, 3.4e-6, 5.5e-6, 9.1e-6, 1.9e-6, 7.0e-7, 6.4e-6, 3.9e-6, 3.9e-6, 4.8e-6, 8.7e-6, 2.6e-6, 4.5e-6, 1.3e-6, 4.5e-6, 8.0e-6, 8.7e-6, 1.7e-6, 1.1e-6, 6.0e-7, 5.0e-6, 5.2e-6]
demand
[185.684, 293.032, 417.915, 73.9352, 141.166, 34.1893]
Instance: 6
noise
[7.9e-6, 3.2e-6, 5.5e-6, 8.1e-6, 7.9e-6, 1.0e-5, 8.9e-6, 3.9e-6, 9.0e-7, 6.4e-6, 7.4e-6, 8.0e-7, 2.1e-6, 4.1e-6, 3.2e-6, 1.9e-6, 1.0e-5, 6.5e-6, 7.0e-6, 1.2e-6, 1.4e-6, 4.1e-6, 5.6e-6, 3.0e-6, 8.0e-7, 4.2e-6, 5.3e-6, 1.6e-6, 1.7e-6, 9.8e-6, 4.7e-6, 8.2e-6, 3.7e-6, 9.8e-6, 9.8e-6, 9.5e-6, 9.6e-6, 9.0e-6, 2.0e-6, 4.2e-6, 8.2e-6, 6.5e-6, 9.0e-7, 6.6e-6, 3.4e-6, 6.9e-6, 2.2e-6, 6.9e-6, 8.2e-6, 6.7e-6, 7.2e-6, 3.1e-6, 5.9e-6, 2.2e-6, 5.0e-7, 3.0e-7, 2.6e-6, 7.0e-7, 2.6e-6, 5.0e-7, 8.4e-6, 9.8e-6, 2.2e-6, 1.4e-6, 9.4e-6, 1.4e-6, 4.1e-6, 1.5e-6, 9.0e-6, 3.4e-6, 1.2e-6, 6.0e-6]
demand
[454.849, 236.473, 29.7841, 133.026, 15.0923, 274.833]
Instance: 7
noise
[1.7e-6, 2.4e-6, 5.2e-6, 6.6e-6, 4.1e-6, 7.7e-6, 3.5e-6, 1.7e-6, 2.0e-6, 4.2e-6, 2.0e-6, 8.8e-6, 1.0e-7, 4.5e-6, 2.7e-6, 1.5e-6, 3.2e-6, 9.8e-6, 2.0e-7, 9.9e-6, 1.0e-6, 6.2e-6, 7.4e-6, 5.4e-6, 5.5e-6, 3.9e-6, 3.7e-6, 2.4e-6, 2.6e-6, 2.7e-6, 3.0e-6, 4.7e-6, 4.7e-6, 1.5e-6, 8.2e-6, 6.0e-6, 2.0e-6, 1.1e-6, 1.0e-7, 4.0e-6, 3.0e-6, 6.7e-6, 9.9e-6, 9.1e-6, 4.8e-6, 2.3e-6, 8.7e-6, 3.7e-6, 1.7e-6, 8.1e-6, 6.1e-6, 9.7e-6, 7.2e-6, 4.2e-6, 1.2e-6, 3.0e-6, 9.1e-6, 4.9e-6, 1.7e-6, 1.7e-6, 1.0e-6, 4.0e-6, 6.4e-6, 6.0e-7, 6.3e-6, 3.1e-6, 4.4e-6, 1.3e-6, 7.9e-6, 8.8e-6, 1.8e-6, 4.2e-6]
demand
[70.6802, 270.754, 176.216, 91.9725, 146.745, 400.825]
Instance: 8
noise
[7.4e-6, 9.8e-6, 6.0e-6, 7.2e-6, 4.0e-6, 1.0e-5, 1.4e-6, 1.8e-6, 6.4e-6, 2.1e-6, 9.5e-6, 3.7e-6, 8.5e-6, 4.0e-6, 8.9e-6, 7.4e-6, 6.3e-6, 8.1e-6, 2.3e-6, 6.0e-7, 5.1e-6, 1.1e-6, 3.5e-6, 7.3e-6, 4.0e-7, 3.7e-6, 1.9e-6, 1.8e-6, 1.0e-7, 7.2e-6, 2.7e-6, 2.7e-6, 2.4e-6, 8.3e-6, 8.1e-6, 9.4e-6, 3.0e-6, 3.4e-6, 1.0e-5, 2.3e-6, 4.4e-6, 7.4e-6, 5.9e-6, 3.5e-6, 9.5e-6, 9.7e-6, 7.3e-6, 2.6e-6, 9.8e-6, 6.2e-6, 1.1e-6, 7.0e-6, 9.0e-7, 9.2e-6, 3.5e-6, 3.9e-6, 3.4e-6, 8.3e-6, 1.5e-6, 3.7e-6, 8.7e-6, 2.2e-6, 1.9e-6, 9.0e-6, 3.8e-6, 2.8e-6, 1.7e-6, 4.1e-6, 5.9e-6, 9.0e-6, 7.2e-6, 3.5e-6]
demand
[37.8269, 312.868, 56.6498, 44.7121, 87.8031, 596.126]
Instance: 9
noise
[9.2e-6, 2.0e-6, 3.0e-7, 3.0e-7, 7.6e-6, 3.0e-6, 3.7e-6, 6.0e-6, 8.5e-6, 8.0e-7, 5.7e-6, 5.7e-6, 1.9e-6, 2.0e-6, 2.7e-6, 8.1e-6, 3.8e-6, 5.6e-6, 6.0e-7, 5.6e-6, 4.6e-6, 8.8e-6, 2.6e-6, 2.9e-6, 2.0e-6, 7.5e-6, 6.8e-6, 4.6e-6, 9.2e-6, 7.4e-6, 6.0e-7, 1.3e-6, 7.8e-6, 6.6e-6, 5.6e-6, 1.0e-7, 1.9e-6, 2.5e-6, 3.6e-6, 2.7e-6, 5.7e-6, 4.5e-6, 4.1e-6, 5.5e-6, 1.3e-6, 6.5e-6, 2.7e-6, 3.7e-6, 6.4e-6, 2.2e-6, 5.6e-6, 3.4e-6, 1.0e-7, 4.6e-6, 7.0e-7, 4.0e-6, 7.0e-7, 2.6e-6, 5.6e-6, 9.2e-6, 5.0e-7, 9.0e-7, 8.1e-6, 5.2e-6, 1.0e-7, 7.0e-7, 8.7e-6, 1.9e-6, 3.8e-6, 6.7e-6, 7.2e-6, 9.1e-6]
demand
[222.803, 89.3382, 306.567, 35.8437, 348.653, 166.646]
Instance: 10
noise
[2.1e-6, 9.0e-6, 6.0e-6, 5.5e-6, 9.0e-6, 9.4e-6, 2.8e-6, 3.9e-6, 2.2e-6, 2.9e-6, 1.3e-6, 9.2e-6, 4.7e-6, 4.1e-6, 5.8e-6, 3.0e-7, 4.9e-6, 1.0e-5, 1.1e-6, 7.1e-6, 5.0e-7, 7.4e-6, 6.0e-7, 3.8e-6, 6.7e-6, 2.7e-6, 9.0e-7, 7.0e-6, 2.9e-6, 1.2e-6, 8.5e-6, 4.7e-6, 4.6e-6, 3.8e-6, 6.2e-6, 8.0e-7, 1.4e-6, 4.7e-6, 6.0e-6, 3.3e-6, 1.8e-6, 2.4e-6, 1.9e-6, 2.1e-6, 3.5e-6, 2.1e-6, 4.6e-6, 8.0e-7, 8.7e-6, 6.1e-6, 2.6e-6, 7.9e-6, 4.9e-6, 7.4e-6, 4.6e-6, 5.2e-6, 1.0e-5, 2.4e-6, 6.1e-6, 4.7e-6, 7.8e-6, 4.3e-6, 6.9e-6, 5.6e-6, 8.3e-6, 2.8e-6, 4.0e-7, 5.0e-6, 1.6e-6, 4.9e-6, 8.3e-6, 7.1e-6]
demand
[16.7439, 6.91268, 96.03, 27.5913, 49.401, 949.761]
