Instance: 1
noise
[9.6e-6, 9.6e-6, 7.6e-6, 7.9e-6, 7.6e-6, 5.0e-6, 3.3e-6, 2.4e-6, 2.9e-6, 8.5e-6, 9.8e-6, 7.9e-6, 1.7e-6, 7.6e-6, 6.8e-6, 8.6e-6, 2.1e-6, 7.0e-6, 5.7e-6, 1.1e-6, 9.2e-6, 7.9e-6, 9.2e-6, 2.0e-7, 8.7e-6, 7.2e-6, 6.1e-6, 5.1e-6, 7.0e-6, 2.4e-6, 9.8e-6, 4.5e-6, 5.2e-6, 8.0e-7, 6.0e-7, 8.4e-6, 5.2e-6, 5.3e-6, 6.4e-6, 8.6e-6, 3.0e-7, 9.7e-6, 7.0e-7, 6.7e-6, 4.0e-7, 4.2e-6, 5.8e-6, 7.4e-6, 4.1e-6, 6.2e-6, 7.0e-6, 8.0e-7, 1.7e-6, 2.8e-6, 9.6e-6, 8.1e-6, 2.0e-6, 6.0e-6, 6.9e-6, 5.2e-6, 6.0e-7, 7.5e-6, 8.6e-6, 1.8e-6, 5.4e-6, 2.0e-6, 6.9e-6, 9.6e-6, 9.7e-6, 6.8e-6, 6.7e-6, 2.7e-6]
demand
[295.872, 136.945, 307.796, 90.0308, 66.5496, 372.372]
Instance: 2
noise
[2.0e-6, 6.4e-6, 1.1e-6, 3.0e-6, 5.4e-6, 9.8e-6, 6.5e-6, 3.7e-6, 3.4e-6, 9.6e-6, 6.5e-6, 6.2e-6, 7.3e-6, 5.5e-6, 2.0e-7, 9.6e-6, 6.0e-7, 7.9e-6, 6.5e-6, 2.0e-7, 8.9e-6, 1.5e-6, 7.9e-6, 8.9e-6, 8.2e-6, 6.5e-6, 7.2e-6, 5.9e-6, 8.3e-6, 4.8e-6, 8.7e-6, 4.6e-6, 9.7e-6, 6.4e-6, 9.4e-6, 8.4e-6, 5.0e-6, 3.2e-6, 7.5e-6, 6.0e-6, 8.7e-6, 8.8e-6, 9.3e-6, 8.1e-6, 8.8e-6, 2.2e-6, 5.3e-6, 9.5e-6, 8.8e-6, 8.7e-6, 7.1e-6, 5.6e-6, 6.6e-6, 3.6e-6, 2.8e-6, 5.9e-6, 1.4e-6, 8.8e-6, 2.0e-6, 9.7e-6, 2.0e-6, 3.9e-6, 6.0e-6, 2.4e-6, 6.5e-6, 9.7e-6, 3.7e-6, 3.0e-7, 2.2e-6, 5.0e-7, 9.1e-6, 9.9e-6]
demand
[120.4, 191.285, 117.721, 751.815, 19.5262, 59.6822]
Instance: 3
noise
[4.6e-6, 4.2e-6, 7.6e-6, 1.9e-6, 1.6e-6, 7.0e-7, 7.3e-6, 1.0e-6, 2.0e-6, 5.4e-6, 3.6e-6, 8.1e-6, 6.9e-6, 1.2e-6, 9.7e-6, 6.6e-6, 4.8e-6, 5.8e-6, 9.2e-6, 3.0e-7, 6.5e-6, 5.1e-6, 8.1e-6, 2.7e-6, 9.9e-6, 8.3e-6, 2.8e-6, 6.9e-6, 2.0e-6, 2.8e-6, 5.6e-6, 5.7e-6, 9.0e-7, 1.3e-6, 3.7e-6, 9.0e-7, 8.9e-6, 4.7e-6, 2.4e-6, 4.0e-7, 8.5e-6, 9.4e-6, 5.6e-6, 7.2e-6, 7.3e-6, 4.1e-6, 9.8e-6, 4.2e-6, 8.0e-7, 7.0e-6, 1.0e-5, 7.3e-6, 2.5e-6, 2.7e-6, 5.1e-6, 7.9e-6, 3.0e-6, 2.7e-6, 2.5e-6, 7.9e-6, 7.5e-6, 6.6e-6, 4.7e-6, 6.5e-6, 4.5e-6, 5.6e-6, 8.8e-6, 8.5e-6, 5.2e-6, 7.1e-6, 2.5e-6, 1.9e-6]
demand
[29.3926, 84.6088, 71.4085, 337.466, 609.224, 143.948]
Instance: 4
noise
[5.3e-6, 1.1e-6, 7.8e-6, 7.3e-6, 2.0e-7, 9.9e-6, 9.8e-6, 8.1e-6, 9.9e-6, 3.0e-7, 3.4e-6, 8.9e-6, 3.9e-6, 2.1e-6, 1.0e-6, 6.2e-6, 1.6e-6, 7.4e-6, 5.2e-6, 3.7e-6, 2.0e-7, 8.1e-6, 1.9e-6, 1.6e-6, 8.7e-6, 5.0e-6, 7.6e-6, 9.8e-6, 9.2e-6, 6.2e-6, 4.2e-6, 9.0e-7, 4.5e-6, 7.3e-6, 5.8e-6, 1.5e-6, 7.8e-6, 1.0e-6, 2.7e-6, 2.5e-6, 3.3e-6, 2.4e-6, 3.4e-6, 4.6e-6, 4.2e-6, 2.4e-6, 4.0e-7, 3.4e-6, 2.5e-6, 8.2e-6, 3.3e-6, 9.8e-6, 9.7e-6, 8.3e-6, 7.8e-6, 7.0e-6, 8.1e-6, 2.0e-7, 5.9e-6, 7.6e-6, 5.1e-6, 1.6e-6, 5.2e-6, 2.7e-6, 8.7e-6, 2.3e-6, 9.0e-7, 1.8e-6, 1.6e-6, 3.7e-6, 2.0e-6, 7.6e-6]
demand
[291.798, 302.575, 63.0691, 316.139, 203.62, 117.508]
Instance: 5
noise
[5.0e-6, 7.3e-6, 9.4e-6, 2.2e-6, 4.1e-6, 7.5e-6, 4.2e-6, 9.0e-6, 6.9e-6, 1.2e-6, 5.1e-6, 6.0e-7, 2.1e-6, 8.5e-6, 4.4e-6, 9.7e-6, 3.9e-6, 2.2e-6, 2.2e-6, 5.1e-6, 2.8e-6, 9.9e-6, 4.2e-6, 6.7e-6, 6.5e-6, 3.4e-6, 1.3e-6, 6.4e-6, 6.3e-6, 2.0e-6, 1.1e-6, 6.0e-7, 9.7e-6, 1.9e-6, 6.4e-6, 9.0e-7, 7.5e-6, 5.8e-6, 4.8e-6, 9.1e-6, 5.8e-6, 2.0e-7, 6.0e-7, 3.8e-6, 2.0e-6, 5.2e-6, 8.0e-7, 6.8e-6, 1.7e-6, 1.5e-6, 3.1e-6, 2.5e-6, 8.8e-6, 6.0e-7, 7.6e-6, 1.6e-6, 8.4e-6, 6.3e-6, 9.7e-6, 5.5e-6, 8.0e-6, 6.0e-7, 5.0e-7, 8.1e-6, 6.4e-6, 1.3e-6, 2.9e-6, 5.2e-6, 2.9e-6, 7.3e-6, 9.8e-6, 5.0e-6]
demand
[399.117, 110.169, 418.428, 49.6881, 23.7043, 292.863]
Instance: 6
noise
[8.5e-6, 3.3e-6, 6.2e-6, 3.6e-6, 1.9e-6, 7.7e-6, 1.9e-6, 4.8e-6, 8.0e-6, 9.8e-6, 6.7e-6, 1.3e-6, 6.7e-6, 4.0e-6, 5.5e-6, 5.4e-6, 5.5e-6, 1.3e-6, 8.3e-6, 7.9e-6, 6.8e-6, 2.1e-6, 5.1e-6, 3.3e-6, 4.2e-6, 5.1e-6, 1.9e-6, 1.0e-5, 4.8e-6, 1.2e-6, 3.0e-7, 4.7e-6, 2.8e-6, 2.4e-6, 5.8e-6, 2.6e-6, 3.0e-7, 7.1e-6, 6.2e-6, 8.4e-6, 7.5e-6, 5.5e-6, 9.9e-6, 6.0e-6, 8.0e-6, 7.0e-6, 2.8e-6, 4.6e-6, 3.1e-6, 3.0e-7, 7.5e-6, 2.0e-6, 7.5e-6, 1.9e-6, 7.0e-7, 1.3e-6, 2.5e-6, 1.9e-6, 2.9e-6, 7.5e-6, 9.8e-6, 5.0e-6, 6.7e-6, 8.5e-6, 2.8e-6, 3.9e-6, 8.4e-6, 7.0e-7, 2.6e-6, 4.7e-6, 9.8e-6, 1.4e-6]
demand
[63.2176, 20.5854, 604.894, 159.146, 256.304, 180.294]
Instance: 7
noise
[4.0e-7, 5.1e-6, 5.7e-6, 6.4e-6, 7.4e-6, 8.6e-6, 3.0e-7, 6.0e-7, 3.9e-6, 6.8e-6, 6.2e-6, 7.1e-6, 5.5e-6, 8.7e-6, 8.1e-6, 7.8e-6, 5.9e-6, 2.0e-7, 8.0e-6, 3.7e-6, 6.9e-6, 8.3e-6, 9.1e-6, 2.9e-6, 9.4e-6, 6.0e-7, 9.9e-6, 3.3e-6, 4.0e-6, 2.9e-6, 5.6e-6, 6.0e-7, 7.4e-6, 6.0e-6, 3.0e-7, 6.0e-7, 6.1e-6, 1.1e-6, 3.3e-6, 9.7e-6, 6.2e-6, 4.1e-6, 6.1e-6, 5.7e-6, 6.8e-6, 8.7e-6, 3.7e-6, 6.8e-6, 6.0e-6, 7.9e-6, 3.1e-6, 1.7e-6, 1.9e-6, 9.6e-6, 8.6e-6, 2.8e-6, 6.9e-6, 8.7e-6, 5.0e-6, 1.0e-5, 4.3e-6, 8.7e-6, 6.0e-6, 7.4e-6, 3.0e-6, 4.0e-7, 2.5e-6, 8.5e-6, 6.1e-6, 1.1e-6, 7.5e-6, 9.8e-6]
demand
[634.169, 197.421, 95.1248, 201.003, 56.6367, 92.7142]
Instance: 8
noise
[3.8e-6, 3.4e-6, 9.0e-6, 8.1e-6, 6.3e-6, 1.0e-5, 7.2e-6, 2.9e-6, 9.3e-6, 8.3e-6, 5.4e-6, 5.0e-7, 7.6e-6, 2.5e-6, 2.1e-6, 2.7e-6, 6.8e-6, 9.7e-6, 5.1e-6, 7.5e-6, 1.0e-6, 3.9e-6, 3.0e-6, 7.1e-6, 4.0e-7, 7.9e-6, 3.4e-6, 5.2e-6, 7.6e-6, 4.0e-6, 4.3e-6, 3.4e-6, 2.0e-6, 8.1e-6, 2.6e-6, 7.6e-6, 4.8e-6, 7.2e-6, 8.7e-6, 2.9e-6, 4.0e-7, 9.1e-6, 7.8e-6, 2.3e-6, 6.0e-6, 8.5e-6, 7.9e-6, 3.3e-6, 4.8e-6, 1.5e-6, 2.3e-6, 6.5e-6, 2.0e-7, 5.6e-6, 2.1e-6, 3.6e-6, 2.5e-6, 1.0e-6, 5.6e-6, 2.9e-6, 5.6e-6, 1.6e-6, 1.0e-5, 3.4e-6, 7.9e-6, 4.7e-6, 6.0e-7, 1.5e-6, 5.6e-6, 5.8e-6, 9.6e-6, 7.5e-6]
demand
[51.2378, 103.607, 42.1184, 141.572, 903.1, 38.268]
Instance: 9
noise
[4.7e-6, 4.0e-7, 9.0e-7, 8.7e-6, 6.0e-6, 7.8e-6, 7.7e-6, 2.3e-6, 6.6e-6, 2.5e-6, 9.3e-6, 1.2e-6, 7.0e-7, 9.2e-6, 9.9e-6, 8.2e-6, 2.1e-6, 2.0e-7, 3.5e-6, 7.7e-6, 1.4e-6, 1.6e-6, 3.2e-6, 4.6e-6, 5.7e-6, 1.9e-6, 2.1e-6, 4.9e-6, 2.8e-6, 7.9e-6, 2.0e-7, 6.0e-6, 2.6e-6, 5.0e-7, 2.2e-6, 9.6e-6, 8.6e-6, 4.0e-7, 9.8e-6, 7.4e-6, 8.0e-7, 1.5e-6, 1.0e-5, 6.1e-6, 3.0e-6, 9.9e-6, 8.9e-6, 5.8e-6, 5.0e-7, 9.7e-6, 2.1e-6, 3.4e-6, 7.6e-6, 5.7e-6, 6.0e-7, 4.0e-6, 2.9e-6, 1.3e-6, 9.1e-6, 7.6e-6, 7.5e-6, 7.4e-6, 1.8e-6, 6.0e-6, 9.7e-6, 5.6e-6, 2.2e-6, 2.1e-6, 5.2e-6, 9.4e-6, 8.5e-6, 3.8e-6]
demand
[164.495, 67.8762, 110.911, 344.056, 104.19, 503.86]
Instance: 10
noise
[8.8e-6, 6.6e-6, 6.0e-7, 9.4e-6, 2.0e-7, 6.0e-7, 3.5e-6, 4.7e-6, 1.8e-6, 8.0e-7, 3.2e-6, 3.6e-6, 2.2e-6, 9.3e-6, 7.2e-6, 1.1e-6, 7.5e-6, 9.2e-6, 5.1e-6, 9.0e-6, 8.8e-6, 7.7e-6, 1.0e-5, 2.3e-6, 9.1e-6, 4.3e-6, 5.0e-7, 9.5e-6, 5.2e-6, 9.8e-6, 4.5e-6, 3.1e-6, 9.2e-6, 2.8e-6, 5.6e-6, 3.5e-6, 2.0e-6, 2.4e-6, 6.4e-6, 3.0e-7, 8.1e-6, 7.3e-6, 7.6e-6, 1.0e-7, 5.1e-6, 6.0e-7, 7.1e-6, 4.8e-6, 6.7e-6, 6.0e-6, 8.2e-6, 4.2e-6, 3.4e-6, 6.1e-6, 4.4e-6, 3.5e-6, 1.6e-6, 6.5e-6, 4.4e-6, 6.2e-6, 1.6e-6, 9.1e-6, 2.8e-6, 2.0e-7, 3.3e-6, 5.1e-6, 3.8e-6, 5.8e-6, 4.0e-7, 8.9e-6, 4.4e-6, 9.4e-6]
demand
[91.0101, 69.3292, 484.107, 128.469, 45.3984, 474.109]
